22.0317933333333
22.0317933333333
22.0317933333333
22.076605
22.076605
22.076605
22.076605
22.076605
21.994795
21.994795
21.994795
21.994795
21.994795
21.9918870732072
21.9918870732072
21.9892711557981
21.9892711557981
21.9839916666667
21.9839916666667
21.9839916666667
21.970775
21.970775
21.970775
21.970775
21.970775
21.9584566533222
21.9584566533222
21.9584566533222
21.9584566533222
21.9584566533222
21.9442816871102
21.9442816871102
21.9442816871102
21.9442816871102
21.9136366666667
21.9136366666667
21.9136366666667
21.9136366666667
21.9136366666667
21.870245
21.870245
21.870245
21.870245
21.870245
21.8572979053898
21.8572979053898
21.8572979053898
21.8572979053898
21.8572979053898
21.8430478547582
21.8430478547582
21.8430478547582
21.8430478547582
21.8430478547582
21.81161
21.81161
21.81161
21.81161
21.81161
21.7692783333333
21.7692783333333
21.7692783333333
21.7692783333333
21.7692783333333
21.3737110683983
21.3737110683983
21.3737110683983
21.3737110683983
21.3737110683983
21.3654252112667
21.3654252112667
21.3654252112667
21.3654252112667
21.3654252112667
21.33535
21.33535
21.33535
21.33535
21.33535
nan
nan
nan
nan
nan
nan
nan
nan
nan
nan
20.8601024593581
20.8601024593581
20.5376618415053
20.5376618415053
20.5376618415053
20.5376618415053
20.5376618415053
20.5279607125595
20.5279607125595
20.5279607125595
20.5279607125595
20.5279607125595
20.5213010186345
20.5213010186345
20.5213010186345
20.4976066666667
20.4976066666667
20.4976066666667
20.4976066666667
20.4976066666667
20.289275655714
20.289275655714
20.289275655714
20.289275655714
20.289275655714
20.2831155255249
20.2831155255249
20.2831155255249
20.2831155255249
20.2831155255249
20.2783474247552
20.2783474247552
20.2783474247552
20.2783474247552
20.2783474247552
20.2645583333333
20.2645583333333
20.2645583333333
20.2645583333333
20.2645583333333
20.255685315983
20.255685315983
20.255685315983
20.255685315983
20.255685315983
20.2554342077476
20.2554342077476
20.2554342077476
20.2554342077476
20.2554342077476
20.255215564693
20.255215564693
20.255215564693
20.255215564693
20.255215564693
20.2546566666667
20.2546566666667
20.2546566666667
20.2546566666667
20.2546566666667
20.3606261282233
20.3606261282233
20.3606261282233
20.3606261282233
20.3606261282233
20.3635265206553
20.3635265206553
20.3635265206553
20.3635265206553
20.3660704402745
20.3660704402745
20.3660704402745
20.3660704402745
20.3660704402745
20.37307
20.37307
20.37307
20.37307
20.37307
nan
nan
nan
nan
nan
nan
nan
nan
nan
nan
nan
nan
nan
nan
nan
20.6568313053482
20.6568313053482
21.0177210669802
21.0177210669802
21.0177210669802
21.0177210669802
21.0177210669802
21.0268349828695
21.0268349828695
21.0268349828695
21.0268349828695
21.0268349828695
21.03363470695
21.03363470695
21.03363470695
21.03363470695
21.03363470695
21.0616183333333
21.0616183333333
21.0616183333333
21.0616183333333
21.0616183333333
21.5729762715832
21.5729762715832
21.5729762715832
21.5729762715832
21.5729762715832
21.5851020442
21.5851020442
21.5851020442
21.5851020442
21.5851020442
21.5965519540807
21.5965519540807
21.5965519540807
21.5965519540807
21.6341716666667
21.6341716666667
21.6341716666667
21.6341716666667
21.6341716666667
21.8008594644426
21.8008594644426
21.8008594644426
21.8008594644426
21.8008594644426
21.80508293373
21.80508293373
21.80508293373
21.80508293373
21.80508293373
21.8077503880167
21.8077503880167
21.8077503880167
21.8077503880167
21.8077503880167
21.820025
21.820025
21.820025
21.820025
21.820025
21.3805477742234
21.3805477742234
21.3805477742234
21.3805477742234
21.3805477742234
21.3702933935966
21.3702933935966
21.3702933935966
21.3702933935966
21.3702933935966
21.3597655628198
21.3597655628198
21.3597655628198
21.3597655628198
21.3597655628198
21.3269116666667
21.3269116666667
21.3269116666667
21.3269116666667
21.3269116666667
20.8318500983032
20.8318500983032
20.8318500983032
20.8318500983032
20.8318500983032
20.8194293744574
20.8194293744574
20.8194293744574
20.8194293744574
20.8059285876686
20.8059285876686
20.8059285876686
20.8059285876686
20.8059285876686
20.7721483333333
20.7721483333333
20.7721483333333
20.7721483333333
20.7721483333333
20.2639612893991
20.2639612893991
20.2639612893991
20.2639612893991
20.2639612893991
20.2502059788264
20.2502059788264
20.2502059788264
20.2502059788264
20.2502059788264
20.2358543397608
20.2358543397608
20.2358543397608
20.2358543397608
20.2358543397608
20.2008266666667
20.2008266666667
20.2008266666667
20.2008266666667
20.2008266666667
20.0459488412268
20.0459488412268
20.0459488412268
20.0459488412268
20.0459488412268
20.0421553942696
20.0421553942696
20.0421553942696
20.0421553942696
20.0421553942696
20.0376365546339
20.0376365546339
20.0376365546339
20.0376365546339
20.0376365546339
20.0271433333333
20.0271433333333
20.0271433333333
20.0271433333333
20.0271433333333
20.4373028454333
20.4373028454333
20.4373028454333
20.4373028454333
20.4373028454333
20.4475594221638
20.4475594221638
20.4475594221638
20.4475594221638
20.4475594221638
20.4577219018604
20.4577219018604
20.4577219018604
20.4577219018604
20.4577219018604
20.4856483333333
20.4856483333333
20.4856483333333
20.4856483333333
20.4856483333333
20.7671748768493
20.7671748768493
20.7671748768493
20.7671748768493
20.7671748768493
20.7740625719801
20.7740625719801
20.7740625719801
20.7740625719801
20.7740625719801
20.7814193980486
20.7814193980486
20.7814193980486
20.7814193980486
20.7814193980486
20.8009366666667
20.8009366666667
20.8009366666667
20.8009366666667
20.8009366666667
20.810438668459
20.810438668459
20.810438668459
20.810438668459
20.810438668459
20.8104022449193
20.8104022449193
20.8104022449193
20.8104022449193
20.8104022449193
20.8103738098322
20.8103738098322
20.8103738098322
20.8103738098322
20.8103738098322
20.8102916666667
20.8102916666667
20.8102916666667
