-39.8023366666667
-39.8023366666667
-39.8023366666667
-39.8000066666667
-39.8000066666667
-39.8000066666667
-39.8000066666667
-39.8000066666667
-39.7894866666667
-39.7894866666667
-39.7894866666667
-39.7894866666667
-39.7894866666667
-39.7917032767073
-39.7917032767073
-39.793697298293
-39.793697298293
-39.7977216666667
-39.7977216666667
-39.7977216666667
-39.7863633333333
-39.7863633333333
-39.7863633333333
-39.7863633333333
-39.7863633333333
-39.7850557912991
-39.7850557912991
-39.7850557912991
-39.7850557912991
-39.7850557912991
-39.7835511767074
-39.7835511767074
-39.7835511767074
-39.7835511767074
-39.7802983333333
-39.7802983333333
-39.7802983333333
-39.7802983333333
-39.7802983333333
-39.7487716666667
-39.7487716666667
-39.7487716666667
-39.7487716666667
-39.7487716666667
-39.7449553632328
-39.7449553632328
-39.7449553632328
-39.7449553632328
-39.7449553632328
-39.740754998688
-39.740754998688
-39.740754998688
-39.740754998688
-39.740754998688
-39.7314883333333
-39.7314883333333
-39.7314883333333
-39.7314883333333
-39.7314883333333
-39.72662
-39.72662
-39.72662
-39.72662
-39.72662
-39.8114956503122
-39.8114956503122
-39.8114956503122
-39.8114956503122
-39.8114956503122
-39.8132735211695
-39.8132735211695
-39.8132735211695
-39.8132735211695
-39.8132735211695
-39.8197266666667
-39.8197266666667
-39.8197266666667
-39.8197266666667
-39.8197266666667
nan
nan
nan
nan
nan
nan
nan
nan
nan
nan
-39.980900476568
-39.980900476568
-40.1567234029247
-40.1567234029247
-40.1567234029247
-40.1567234029247
-40.1567234029247
-40.1620133099208
-40.1620133099208
-40.1620133099208
-40.1620133099208
-40.1620133099208
-40.1656447595884
-40.1656447595884
-40.1656447595884
-40.178565
-40.178565
-40.178565
-40.178565
-40.178565
-40.3464959798146
-40.3464959798146
-40.3464959798146
-40.3464959798146
-40.3464959798146
-40.351454446566
-40.351454446566
-40.351454446566
-40.351454446566
-40.351454446566
-40.355292428623
-40.355292428623
-40.355292428623
-40.355292428623
-40.355292428623
-40.3663916666667
-40.3663916666667
-40.3663916666667
-40.3663916666667
-40.3663916666667
-40.5094418525464
-40.5094418525464
-40.5094418525464
-40.5094418525464
-40.5094418525464
-40.5136816695474
-40.5136816695474
-40.5136816695474
-40.5136816695474
-40.5136816695474
-40.5173733307883
-40.5173733307883
-40.5173733307883
-40.5173733307883
-40.5173733307883
-40.52681
-40.52681
-40.52681
-40.52681
-40.52681
-40.6648525099317
-40.6648525099317
-40.6648525099317
-40.6648525099317
-40.6648525099317
-40.6686293419664
-40.6686293419664
-40.6686293419664
-40.6686293419664
-40.6719419823543
-40.6719419823543
-40.6719419823543
-40.6719419823543
-40.6719419823543
-40.6810566666667
-40.6810566666667
-40.6810566666667
-40.6810566666667
-40.6810566666667
nan
nan
nan
nan
nan
nan
nan
nan
nan
nan
nan
nan
nan
nan
nan
-40.8677679271295
-40.8677679271295
-40.8739097373596
-40.8739097373596
-40.8739097373596
-40.8739097373596
-40.8739097373596
-40.8738661918541
-40.8738661918541
-40.8738661918541
-40.8738661918541
-40.8738661918541
-40.8738337033578
-40.8738337033578
-40.8738337033578
-40.8738337033578
-40.8738337033578
-40.8737
-40.8737
-40.8737
-40.8737
-40.8737
-40.7183106434034
-40.7183106434034
-40.7183106434034
-40.7183106434034
-40.7183106434034
-40.7146507140625
-40.7146507140625
-40.7146507140625
-40.7146507140625
-40.7146507140625
-40.7111947807832
-40.7111947807832
-40.7111947807832
-40.7111947807832
-40.69984
-40.69984
-40.69984
-40.69984
-40.69984
-40.4089049634371
-40.4089049634371
-40.4089049634371
-40.4089049634371
-40.4089049634371
-40.4011061506562
-40.4011061506562
-40.4011061506562
-40.4011061506562
-40.4011061506562
-40.3961805846894
-40.3961805846894
-40.3961805846894
-40.3961805846894
-40.3961805846894
-40.373515
-40.373515
-40.373515
-40.373515
-40.373515
-40.2157102309918
-40.2157102309918
-40.2157102309918
-40.2157102309918
-40.2157102309918
-40.2119747646312
-40.2119747646312
-40.2119747646312
-40.2119747646312
-40.2119747646312
-40.2081396858343
-40.2081396858343
-40.2081396858343
-40.2081396858343
-40.2081396858343
-40.1961716666667
-40.1961716666667
-40.1961716666667
-40.1961716666667
-40.1961716666667
-40.293597663715
-40.293597663715
-40.293597663715
-40.293597663715
-40.293597663715
-40.295917864622
-40.295917864622
-40.295917864622
-40.295917864622
-40.2984398221295
-40.2984398221295
-40.2984398221295
-40.2984398221295
-40.2984398221295
-40.30475
-40.30475
-40.30475
-40.30475
-40.30475
-40.2719118342658
-40.2719118342658
-40.2719118342658
-40.2719118342658
-40.2719118342658
-40.2711103893441
-40.2711103893441
-40.2711103893441
-40.2711103893441
-40.2711103893441
-40.2702741997005
-40.2702741997005
-40.2702741997005
-40.2702741997005
-40.2702741997005
-40.2682333333333
-40.2682333333333
-40.2682333333333
-40.2682333333333
-40.2682333333333
-39.9916823758395
-39.9916823758395
-39.9916823758395
-39.9916823758395
-39.9916823758395
-39.9848166927571
-39.9848166927571
-39.9848166927571
-39.9848166927571
-39.9848166927571
-39.9766381361071
-39.9766381361071
-39.9766381361071
-39.9766381361071
-39.9766381361071
-39.9576466666667
-39.9576466666667
-39.9576466666667
-39.9576466666667
-39.9576466666667
-39.9975890594055
-39.9975890594055
-39.9975890594055
-39.9975890594055
-39.9975890594055
-39.9984884285133
-39.9984884285133
-39.9984884285133
-39.9984884285133
-39.9984884285133
-39.9993795465285
-39.9993795465285
-39.9993795465285
-39.9993795465285
-39.9993795465285
-40.0018283333333
-40.0018283333333
-40.0018283333333
-40.0018283333333
-40.0018283333333
-40.3971955304783
-40.3971955304783
-40.3971955304783
-40.3971955304783
-40.3971955304783
-40.4069375124492
-40.4069375124492
-40.4069375124492
-40.4069375124492
-40.4069375124492
-40.4173430349878
-40.4173430349878
-40.4173430349878
-40.4173430349878
-40.4173430349878
-40.4449483333333
-40.4449483333333
-40.4449483333333
-40.4449483333333
-40.4449483333333
-40.5134561242682
-40.5134561242682
-40.5134561242682
-40.5134561242682
-40.5134561242682
-40.5151613716057
-40.5151613716057
-40.5151613716057
-40.5151613716057
-40.5151613716057
-40.5164926221381
-40.5164926221381
-40.5164926221381
-40.5164926221381
-40.5164926221381
-40.5203383333333
-40.5203383333333
-40.5203383333333
