22.02948
22.02948
22.02948
22.07678
22.07678
22.07678
22.07678
21.9893383333333
21.9893383333333
21.9893383333333
21.9893383333333
21.9893383333333
21.9862465537117
21.9862465537117
21.9829193593983
21.9829193593983
21.9829193593983
21.9829193593983
21.9783
21.9783
21.9568116666667
21.9568116666667
21.9568116666667
21.9568116666667
21.9568116666667
21.9434104271827
21.9434104271827
21.9434104271827
21.9434104271827
21.9434104271827
21.9289964539067
21.9289964539067
21.9289964539067
21.9289964539067
21.9289964539067
21.8989
21.8989
21.8989
21.8989
21.8989
21.8579616666667
21.8579616666667
21.8579616666667
21.8579616666667
21.8579616666667
21.8441146079506
21.8441146079506
21.8441146079506
21.8441146079506
21.8441146079506
21.8293965635926
21.8293965635926
21.8293965635926
21.8293965635926
21.8293965635926
21.7977816666667
21.7977816666667
21.7977816666667
21.7977816666667
21.7977816666667
21.7600333333333
21.7600333333333
21.7600333333333
21.7600333333333
21.7600333333333
21.5920052389634
21.5920052389634
21.5920052389634
21.5920052389634
21.5920052389634
21.5833644891044
21.5833644891044
21.5833644891044
21.5833644891044
21.5833644891044
21.5508733333333
21.5508733333333
21.5508733333333
21.5508733333333
21.5508733333333
21.1459285957577
21.1459285957577
21.1459285957577
21.1459285957577
21.1459285957577
21.1339440760988
21.1339440760988
21.1339440760988
21.1339440760988
21.1339440760988
21.1265280678505
21.1265280678505
21.1265280678505
21.1265280678505
21.1265280678505
21.0981516666667
21.0981516666667
21.0981516666667
21.0981516666667
21.0981516666667
20.8799061224199
20.8799061224199
20.8799061224199
20.8799061224199
20.8799061224199
20.873515978031
20.873515978031
20.873515978031
20.873515978031
20.873515978031
20.8694836944059
20.8694836944059
20.8694836944059
20.8694836944059
20.8694836944059
20.85378
20.85378
20.85378
20.85378
20.85378
20.7514569533191
20.7514569533191
20.7514569533191
20.7514569533191
20.7514569533191
20.7485169892557
20.7485169892557
20.7485169892557
20.7485169892557
20.7485169892557
20.7465935021292
20.7465935021292
20.7465935021292
20.7465935021292
20.7465935021292
20.73937
20.73937
20.73937
20.73937
20.73937
20.7521908448125
20.7521908448125
20.7521908448125
20.7521908448125
20.7521908448125
20.7521686649375
20.7521686649375
20.7521686649375
20.7521686649375
20.7521686649375
20.7521541017778
20.7521541017778
20.7521541017778
20.7521541017778
20.7520966666667
20.7520966666667
20.7520966666667
20.7520966666667
20.7520966666667
21.0289089389318
21.0289089389318
21.0289089389318
21.0289089389318
21.0289089389318
21.0366950110499
21.0366950110499
21.0366950110499
21.0366950110499
21.0366950110499
21.0418998309984
21.0418998309984
21.0418998309984
21.0418998309984
21.0418998309984
21.0611333333333
21.0611333333333
21.0611333333333
21.0611333333333
21.0611333333333
21.5624100216404
21.5624100216404
21.5624100216404
21.5624100216404
21.5624100216404
21.5739150485397
21.5739150485397
21.5739150485397
21.5739150485397
21.5739150485397
21.5834961578973
21.5834961578973
21.5834961578973
21.5834961578973
21.5834961578973
21.6213383333333
21.6213383333333
21.6213383333333
21.6213383333333
21.6213383333333
21.7412798754548
21.7412798754548
21.7412798754548
21.7412798754548
21.7412798754548
21.7442839529495
21.7442839529495
21.7442839529495
21.7442839529495
21.7442839529495
21.7465896302623
21.7465896302623
21.7465896302623
21.7465896302623
21.7465896302623
21.7559266666667
21.7559266666667
21.7559266666667
21.7559266666667
21.7559266666667
21.5378733324172
21.5378733324172
21.5378733324172
21.5378733324172
21.5378733324172
21.5326330574119
21.5326330574119
21.5326330574119
21.5326330574119
21.5326330574119
21.5284064749485
21.5284064749485
21.5284064749485
21.5284064749485
21.5284064749485
21.511755
21.511755
21.511755
21.511755
21.511755
21.2069734839024
21.2069734839024
21.2069734839024
21.2069734839024
21.2069734839024
21.1993967295368
21.1993967295368
21.1993967295368
21.1993967295368
21.1993967295368
21.19376760482
21.19376760482
21.19376760482
21.19376760482
21.19376760482
21.1705983333333
21.1705983333333
21.1705983333333
21.1705983333333
21.1705983333333
20.9634371775677
20.9634371775677
20.9634371775677
20.9634371775677
20.9634371775677
20.9584578683396
20.9584578683396
20.9584578683396
20.9584578683396
20.9584578683396
20.9546116711474
20.9546116711474
20.9546116711474
20.9546116711474
20.9546116711474
20.9384483333333
20.9384483333333
20.9384483333333
20.9384483333333
20.9384483333333
20.8655684036712
20.8655684036712
20.8655684036712
20.8655684036712
20.8655684036712
20.8637368087165
20.8637368087165
20.8637368087165
20.8637368087165
20.8637368087165
20.8622911158435
20.8622911158435
20.8622911158435
20.8622911158435
20.8622911158435
20.8565733333333
20.8565733333333
20.8565733333333
20.8565733333333
20.8565733333333
20.9588403494362
20.9588403494362
20.9588403494362
20.9588403494362
20.9588403494362
20.9613997276375
20.9613997276375
20.9613997276375
20.9613997276375
20.9613997276375
20.96380111953
20.96380111953
20.96380111953
20.96380111953
20.96380111953
20.97095
20.97095
20.97095
20.97095
20.97095
21.1326315556716
21.1326315556716
21.1326315556716
21.1326315556716
21.1326315556716
21.1364664670258
21.1364664670258
21.1364664670258
21.1364664670258
21.1364664670258
21.1402266723146
21.1402266723146
21.1402266723146
21.1402266723146
21.1402266723146
21.15193
21.15193
21.15193
21.15193
21.15193
21.1415620273964
21.1415620273964
21.1415620273964
21.1415620273964
21.1415620273964
21.1410765171341
21.1410765171341
21.1410765171341
21.1410765171341
21.1410765171341
21.1406261223939
21.1406261223939
21.1406261223939
21.1406261223939
21.1406261223939
21.1392133333333
21.1392133333333
21.1392133333333
21.1392133333333
21.1392133333333
21.0718249421399
21.0718249421399
21.0718249421399
21.0718249421399
21.0718249421399
21.0699442616077
21.0699442616077
21.0699442616077
21.0699442616077
21.0699442616077
21.0681354542169
21.0681354542169
21.0681354542169
21.0681354542169
21.0681354542169
21.0625383333333
21.0625383333333
21.0625383333333
21.0625383333333
21.0625383333333
20.9505733968232
20.9505733968232
20.9505733968232
20.9505733968232
20.9505733968232
20.947851603431
20.947851603431
20.947851603431
20.947851603431
20.947851603431
20.945348901767
20.945348901767
20.945348901767
20.945348901767
20.945348901767
20.9376433333333
20.9376433333333
20.9376433333333
20.9376433333333
20.9376433333333
20.6682004357942
20.6682004357942
20.6682004357942
20.6682004357942
20.6682004357942
20.6603839229616
20.6603839229616
20.6603839229616
20.6603839229616
20.6603839229616
20.6541975919496
20.6541975919496
20.6541975919496
20.6541975919496
20.6541975919496
20.6349433333333
20.6349433333333
20.6349433333333
20.6349433333333
20.6349433333333
20.5201115993677
20.5201115993677
20.5201115993677
20.5201115993677
20.5201115993677
20.5168875274969
20.5168875274969
20.5168875274969
20.5168875274969
20.5168875274969
20.514370337694
20.514370337694
20.514370337694
20.514370337694
20.514370337694
20.50701
20.50701
20.50701
20.50701
20.50701
20.5288056621649
20.5288056621649
20.5288056621649
20.5288056621649
20.5288056621649
20.5295445849256
20.5295445849256
20.5295445849256
20.5295445849256
20.5295445849256
20.5302521475691
20.5302521475691
20.5302521475691
20.5302521475691
20.5302521475691
20.531795
20.531795
20.531795
20.531795
20.531795
20.6419345115345
20.6419345115345
20.6419345115345
20.6419345115345
20.6452271129889
20.655675
20.6069584384107
20.6069584384107
20.6069584384107
20.6069584384107
20.6056247845255
20.6056247845255
