-39.807775
-39.807775
-39.807775
-39.80132
-39.80132
-39.80132
-39.80132
-39.7897183333333
-39.7897183333333
-39.7897183333333
-39.7897183333333
-39.7897183333333
-39.7918069067936
-39.7918069067936
-39.7940545086897
-39.7940545086897
-39.7940545086897
-39.7940545086897
-39.797175
-39.797175
-39.7896433333333
-39.7896433333333
-39.7896433333333
-39.7896433333333
-39.7896433333333
-39.787700660778
-39.787700660778
-39.787700660778
-39.787700660778
-39.787700660778
-39.7856111801497
-39.7856111801497
-39.7856111801497
-39.7856111801497
-39.7856111801497
-39.7812483333333
-39.7812483333333
-39.7812483333333
-39.7812483333333
-39.7812483333333
-39.751505
-39.751505
-39.751505
-39.751505
-39.751505
-39.743733957632
-39.743733957632
-39.743733957632
-39.743733957632
-39.743733957632
-39.7354741135291
-39.7354741135291
-39.7354741135291
-39.7354741135291
-39.7354741135291
-39.7177316666667
-39.7177316666667
-39.7177316666667
-39.7177316666667
-39.7177316666667
-39.707425
-39.707425
-39.707425
-39.707425
-39.707425
-39.712621317287
-39.712621317287
-39.712621317287
-39.712621317287
-39.712621317287
-39.7128885349689
-39.7128885349689
-39.7128885349689
-39.7128885349689
-39.7128885349689
-39.7138933333333
-39.7138933333333
-39.7138933333333
-39.7138933333333
-39.7138933333333
-39.6958309765012
-39.6958309765012
-39.6958309765012
-39.6958309765012
-39.6958309765012
-39.6952876559393
-39.6952876559393
-39.6952876559393
-39.6952876559393
-39.6952876559393
-39.694951449743
-39.694951449743
-39.694951449743
-39.694951449743
-39.694951449743
-39.693665
-39.693665
-39.693665
-39.693665
-39.693665
-39.7857277328442
-39.7857277328442
-39.7857277328442
-39.7857277328442
-39.7857277328442
-39.7883457900345
-39.7883457900345
-39.7883457900345
-39.7883457900345
-39.7883457900345
-39.7899978261225
-39.7899978261225
-39.7899978261225
-39.7899978261225
-39.7899978261225
-39.7964316666667
-39.7964316666667
-39.7964316666667
-39.7964316666667
-39.7964316666667
-39.944483485578
-39.944483485578
-39.944483485578
-39.944483485578
-39.944483485578
-39.9487396469295
-39.9487396469295
-39.9487396469295
-39.9487396469295
-39.9487396469295
-39.951524263133
-39.951524263133
-39.951524263133
-39.951524263133
-39.951524263133
-39.9619816666667
-39.9619816666667
-39.9619816666667
-39.9619816666667
-39.9619816666667
-40.059016600194
-40.059016600194
-40.059016600194
-40.059016600194
-40.059016600194
-40.0615510936621
-40.0615510936621
-40.0615510936621
-40.0615510936621
-40.0615510936621
-40.0632152253624
-40.0632152253624
-40.0632152253624
-40.0632152253624
-40.0697783333333
-40.0697783333333
-40.0697783333333
-40.0697783333333
-40.0697783333333
-40.1058031741331
-40.1058031741331
-40.1058031741331
-40.1058031741331
-40.1058031741331
-40.1063843097397
-40.1063843097397
-40.1063843097397
-40.1063843097397
-40.1063843097397
-40.1067727862594
-40.1067727862594
-40.1067727862594
-40.1067727862594
-40.1067727862594
-40.1082083333333
-40.1082083333333
-40.1082083333333
-40.1082083333333
-40.1082083333333
-39.9866964063482
-39.9866964063482
-39.9866964063482
-39.9866964063482
-39.9866964063482
-39.9838398045082
-39.9838398045082
-39.9838398045082
-39.9838398045082
-39.9838398045082
-39.9814608952836
-39.9814608952836
-39.9814608952836
-39.9814608952836
-39.9814608952836
-39.972065
-39.972065
-39.972065
-39.972065
-39.972065
-39.676701412659
-39.676701412659
-39.676701412659
-39.676701412659
-39.676701412659
-39.669436089227
-39.669436089227
-39.669436089227
-39.669436089227
-39.669436089227
-39.6638598378031
-39.6638598378031
-39.6638598378031
-39.6638598378031
-39.6638598378031
-39.6412783333333
-39.6412783333333
-39.6412783333333
-39.6412783333333
-39.6412783333333
-39.3524913517848
-39.3524913517848
-39.3524913517848
-39.3524913517848
-39.3524913517848
-39.3456928676529
-39.3456928676529
-39.3456928676529
-39.3456928676529
-39.3456928676529
-39.3402095001236
-39.3402095001236
-39.3402095001236
-39.3402095001236
-39.3402095001236
-39.3186066666667
-39.3186066666667
-39.3186066666667
-39.3186066666667
-39.3186066666667
-39.1520456706841
-39.1520456706841
-39.1520456706841
-39.1520456706841
-39.1520456706841
-39.147944900876
-39.147944900876
-39.147944900876
-39.147944900876
-39.147944900876
-39.1448982474448
-39.1448982474448
-39.1448982474448
-39.1448982474448
-39.1448982474448
-39.1323583333333
-39.1323583333333
-39.1323583333333
-39.1323583333333
-39.1323583333333
-38.9784452911551
-38.9784452911551
-38.9784452911551
-38.9784452911551
-38.9784452911551
-38.9746662428576
-38.9746662428576
-38.9746662428576
-38.9746662428576
-38.9746662428576
-38.9717471702944
-38.9717471702944
-38.9717471702944
-38.9717471702944
-38.9717471702944
-38.95948
-38.95948
-38.95948
-38.95948
-38.95948
-39.06228670293
-39.06228670293
-39.06228670293
-39.06228670293
-39.06228670293
-39.064771224323
-39.064771224323
-39.064771224323
-39.064771224323
-39.064771224323
-39.0667322773721
-39.0667322773721
-39.0667322773721
-39.0667322773721
-39.0667322773721
-39.0744883333333
-39.0744883333333
-39.0744883333333
-39.0744883333333
-39.0744883333333
-39.3732235047713
-39.3732235047713
-39.3732235047713
-39.3732235047713
-39.3732235047713
-39.3804847601228
-39.3804847601228
-39.3804847601228
-39.3804847601228
-39.3804847601228
-39.3872977898351
-39.3872977898351
-39.3872977898351
-39.3872977898351
-39.3872977898351
-39.40758
-39.40758
-39.40758
-39.40758
-39.40758
-39.8292675698066
-39.8292675698066
-39.8292675698066
-39.8292675698066
-39.8292675698066
-39.8391343064756
-39.8391343064756
-39.8391343064756
-39.8391343064756
-39.8391343064756
-39.8488088339887
-39.8488088339887
-39.8488088339887
-39.8488088339887
-39.8488088339887
-39.87892
-39.87892
-39.87892
-39.87892
-39.87892
-40.1924245804927
-40.1924245804927
-40.1924245804927
-40.1924245804927
-40.1924245804927
-40.2004693254485
-40.2004693254485
-40.2004693254485
-40.2004693254485
-40.2004693254485
-40.2079322177818
-40.2079322177818
-40.2079322177818
-40.2079322177818
-40.2079322177818
-40.2313416666667
-40.2313416666667
-40.2313416666667
-40.2313416666667
-40.2313416666667
-40.5210638715988
-40.5210638715988
-40.5210638715988
-40.5210638715988
-40.5210638715988
-40.5280569540352
-40.5280569540352
-40.5280569540352
-40.5280569540352
-40.5280569540352
-40.5347827849134
-40.5347827849134
-40.5347827849134
-40.5347827849134
-40.5347827849134
-40.555595
-40.555595
-40.555595
-40.555595
-40.555595
-40.7765566727634
-40.7765566727634
-40.7765566727634
-40.7765566727634
-40.7765566727634
-40.7818132363359
-40.7818132363359
-40.7818132363359
-40.7818132363359
-40.7818132363359
-40.7866466709522
-40.7866466709522
-40.7866466709522
-40.7866466709522
-40.7866466709522
-40.8015283333333
-40.8015283333333
-40.8015283333333
-40.8015283333333
-40.8015283333333
-40.9565653882838
-40.9565653882838
-40.9565653882838
-40.9565653882838
-40.9565653882838
-40.9609878325306
-40.9609878325306
-40.9609878325306
-40.9609878325306
-40.9609878325306
-40.9644879488329
-40.9644879488329
-40.9644879488329
-40.9644879488329
-40.9644879488329
-40.9753816666667
-40.9753816666667
-40.9753816666667
-40.9753816666667
-40.9753816666667
-41.0095492983163
-41.0095492983163
-41.0095492983163
-41.0095492983163
-41.0095492983163
-41.0105009892635
-41.0105009892635
-41.0105009892635
-41.0105009892635
-41.0105009892635
-41.0112440206982
-41.0112440206982
-41.0112440206982
-41.0112440206982
-41.0112440206982
-41.0134166666667
-41.0134166666667
-41.0134166666667
-41.0134166666667
-41.0134166666667
-41.0064564489177
-41.0064564489177
-41.0064564489177
-41.0064564489177
-41.0064564489177
-41.0060111557856
-41.0060111557856
-41.0060111557856
-41.0060111557856
-41.0060111557856
-41.0055847610357
-41.0055847610357
-41.0055847610357
-41.0055847610357
-41.0055847610357
-41.004655
-41.004655
-41.004655
-41.004655
-41.004655
-41.1124293061101
-41.1124293061101
-41.1124293061101
-41.1124293061101
-41.1153165866212
-41.1244783333333
-41.2793874114609
-41.2793874114609
-41.2793874114609
-41.2793874114609
-41.2833684001122
-41.2833684001122
