-48.7829383333333
-48.7829383333333
-48.7829383333333
-48.7829383333333
-48.7829383333333
-48.7873333333333
-48.7873333333333
-48.7873333333333
-48.7873333333333
-48.7873333333333
-48.7480183333333
-48.7480183333333
-48.7480183333333
-48.7480183333333
-48.7480183333333
-48.7840066666667
-48.7840066666667
-48.7840066666667
-48.7840066666667
-48.7840066666667
-48.7302616666667
-48.7302616666667
-48.7302616666667
-48.7302616666667
-48.7302616666667
-48.7324733333333
-48.7324733333333
-48.7324733333333
-48.7324733333333
-48.7324733333333
-48.7379783333333
-48.7379783333333
-48.7379783333333
-48.7379783333333
-48.7379783333333
-48.7379783333333
-48.7047083333333
-48.7047083333333
-48.7047083333333
-48.7047083333333
-48.7047083333333
-48.7047083333333
-48.7227966666667
-48.7227966666667
-48.7227966666667
-48.7227966666667
-48.7227966666667
-48.7227966666667
-48.7322666666667
-48.7322666666667
-48.7322666666667
-48.7322666666667
-48.7322666666667
-48.6852033333333
-48.6852033333333
-48.6852033333333
-48.6852033333333
-48.6852033333333
-48.6993283333333
-48.6993283333333
-48.6993283333333
-48.6993283333333
-48.6993283333333
-48.698995
-48.698995
-48.698995
-48.698995
-48.698995
-48.708505
