72.2748116666667
72.2748116666667
72.2748116666667
72.2748116666667
72.2748116666667
72.29176
72.29176
72.29176
72.29176
72.29176
72.2950466666667
72.2950466666667
72.2950466666667
72.2950466666667
72.2950466666667
72.2773166666667
72.2773166666667
72.2773166666667
72.2773166666667
72.2773166666667
72.29473
72.29473
72.29473
72.29473
72.29473
72.2667183333333
72.2667183333333
72.2667183333333
72.2667183333333
72.2667183333333
72.2973183333333
72.2973183333333
72.2973183333333
72.2973183333333
72.2973183333333
72.2973183333333
72.299435
72.299435
72.299435
72.299435
72.299435
72.299435
72.2600533333333
72.2600533333333
72.2600533333333
72.2600533333333
72.2600533333333
72.2600533333333
72.3036233333333
72.3036233333333
72.3036233333333
72.3036233333333
72.3036233333333
72.262635
72.262635
72.262635
72.262635
72.262635
72.2113433333333
72.2113433333333
72.2113433333333
72.2113433333333
72.2113433333333
72.2043333333333
72.2043333333333
72.2043333333333
72.2043333333333
72.2043333333333
72.1911616666667
