2016,10,16,11,43
2016,10,16,04,46
2016,10,17,11,41
2016,10,16,13,49
2016,10,18,11,37
2016,10,19,00,43
2016,10,20,06,46
2016,10,21,12,38
2016,10,22,06,39
2016,10,23,00,41
2016,10,24,06,47
2016,10,25,16,44
2016,10,26,06,42
2016,10,27,06,37
2016,10,28,00,39
2016,10,29,06,40
2016,10,30,12,36
2016,10,31,06,43
2016,10,31,23,42
2016,11,02,06,46
2016,11,03,12,46
2016,11,05,06,43
2016,11,06,23,45
2016,11,08,23,37
2016,11,11,06,42
2016,11,13,13,46
2016,11,15,06,42
2016,11,16,23,46
2016,11,19,06,47
2016,11,21,13,46
2016,11,23,06,43
2016,11,24,23,47
2016,11,27,06,46
2016,11,29,13,45
2016,12,01,06,39
2016,12,02,23,45
2016,12,05,06,26
2016,12,07,13,28
2016,12,09,06,52
2016,12,10,23,43
2016,12,13,06,44
2016,12,15,14,46
2016,12,17,06,43
2016,12,18,23,43
2016,12,21,06,40
2016,12,23,14,49
2016,12,25,06,37
2016,12,26,23,43
2016,12,29,06,45
2016,12,31,06,42
2017,01,04,14,52
2017,01,06,06,46
2017,01,08,00,43
2017,01,10,06,42
2017,01,12,13,39
2017,01,14,06,43
2017,01,16,00,38
2017,01,18,06,47
2017,01,20,12,40
2017,01,22,06,38
2017,01,24,00,44
2017,01,26,06,50
2017,01,28,06,43
2017,01,30,00,45
2017,02,01,06,48
2017,02,03,12,52
2017,02,08,06,27
2017,02,13,01,45
2017,02,18,06,44
