43.371535
43.371535
43.371535
43.371535
43.371535
43.358885
43.358885
43.358885
43.358885
43.358885
43.358645
43.358645
43.358645
43.358645
43.358645
43.3483966666667
43.3483966666667
43.3483966666667
43.3483966666667
43.3483966666667
43.3540533333333
43.3540533333333
43.3540533333333
43.3540533333333
43.3540533333333
43.33955
43.33955
43.33955
43.33955
43.33955
43.3158666666667
43.3158666666667
43.3158666666667
43.3158666666667
43.3158666666667
43.3158583333333
43.3158583333333
43.3158583333333
43.3158583333333
43.3158583333333
43.2953266666667
43.2953266666667
43.2953266666667
43.2953266666667
43.2953266666667
43.2819566666667
43.2819566666667
43.2819566666667
43.2819566666667
43.2819566666667
43.2620536959103
43.2620536959103
43.2620536959103
43.2620536959103
43.2620536959103
43.2599340133197
43.2599340133197
43.2599340133197
43.2599340133197
43.2599340133197
43.2579314710828
43.2579314710828
43.2579314710828
43.2579314710828
43.2579314710828
43.2537666666667
43.2537666666667
43.2537666666667
43.2537666666667
43.2537666666667
43.2245433333333
43.2245433333333
43.2245433333333
43.2245433333333
43.2245433333333
43.1931741311775
43.1931741311775
43.1931741311775
43.1931741311775
43.1931741311775
43.1904374909675
43.1904374909675
43.1904374909675
43.1904374909675
43.1904374909675
43.188192202068
43.188192202068
43.188192202068
43.188192202068
43.188192202068
43.1839916666667
43.1839916666667
43.1839916666667
43.1839916666667
43.1839916666667
43.159785
43.159785
43.159785
43.159785
43.159785
43.0918930701279
43.0918930701279
43.0918930701279
43.0918930701279
43.0918930701279
43.0841416887184
43.0841416887184
43.0841416887184
43.0841416887184
43.0841416887184
43.0776703519452
43.0776703519452
43.0776703519452
43.0776703519452
43.0776703519452
43.0654533333333
43.0654533333333
43.0654533333333
43.0654533333333
43.0654533333333
42.9272216666667
42.9272216666667
42.9272216666667
42.9272216666667
42.9272216666667
42.779622502758
42.779622502758
42.779622502758
42.779622502758
42.779622502758
42.7626262339955
42.7626262339955
42.7626262339955
42.7626262339955
42.7626262339955
42.7486815680333
42.7486815680333
42.7486815680333
42.7486815680333
42.7486815680333
42.7221783333333
42.7221783333333
42.7221783333333
42.7221783333333
42.7221783333333
42.665085
42.665085
42.665085
42.665085
42.665085
42.7173779958413
42.7173779958413
42.7173779958413
42.7173779958413
42.7173779958413
42.7223637160101
42.7223637160101
42.7223637160101
42.7223637160101
42.7223637160101
42.7279211320916
42.7279211320916
42.7279211320916
42.7279211320916
42.7279211320916
42.737045
42.737045
42.737045
42.737045
42.737045
42.9073666666667
42.9073666666667
42.9073666666667
42.9073666666667
42.9073666666667
43.0538304619136
43.0538304619136
43.0538304619136
43.0538304619136
43.0538304619136
43.0671459608811
43.0671459608811
