7.90671166666667
7.90671166666667
7.90671166666667
7.90671166666667
7.90671166666667
7.91689666666667
7.91689666666667
7.91689666666667
7.91689666666667
7.91689666666667
7.91561166666667
7.91561166666667
7.91561166666667
7.91561166666667
7.91561166666667
7.89381833333333
7.89381833333333
7.89381833333333
7.89381833333333
7.89381833333333
7.89379333333333
7.89379333333333
7.89379333333333
7.89379333333333
7.89379333333333
7.877565
7.877565
7.877565
7.877565
7.877565
7.83611333333333
7.83611333333333
7.83611333333333
7.83611333333333
7.83611333333333
7.81056833333333
7.81056833333333
7.81056833333333
7.81056833333333
7.81056833333333
7.81085166666667
7.81085166666667
7.81085166666667
7.81085166666667
7.81085166666667
7.77916833333333
7.77916833333333
7.77916833333333
7.77916833333333
7.77916833333333
7.75127083421737
7.75127083421737
7.75127083421737
7.75127083421737
7.75127083421737
7.74858617649377
7.74858617649377
7.74858617649377
7.74858617649377
7.74858617649377
7.74604988143389
7.74604988143389
7.74604988143389
7.74604988143389
7.74604988143389
7.740775
7.740775
7.740775
7.740775
7.740775
7.76531166666667
7.76531166666667
7.76531166666667
7.76531166666667
7.76531166666667
7.83633273153758
7.83633273153758
7.83633273153758
7.83633273153758
7.83633273153758
7.84311853325116
7.84311853325116
7.84311853325116
7.84311853325116
7.84311853325116
7.84868597511168
7.84868597511168
7.84868597511168
7.84868597511168
7.84868597511168
7.85910166666667
7.85910166666667
7.85910166666667
7.85910166666667
7.85910166666667
7.87636833333333
7.87636833333333
7.87636833333333
7.87636833333333
7.87636833333333
7.8803291201077
7.8803291201077
7.8803291201077
7.8803291201077
7.8803291201077
7.88025217619788
7.88025217619788
7.88025217619788
7.88025217619788
7.88025217619788
7.88018793862179
7.88018793862179
7.88018793862179
7.88018793862179
7.88018793862179
7.88006666666667
7.88006666666667
7.88006666666667
7.88006666666667
7.88006666666667
7.926115
7.926115
7.926115
7.926115
7.926115
8.13565783019803
8.13565783019803
8.13565783019803
8.13565783019803
8.13565783019803
8.15907595792685
8.15907595792685
8.15907595792685
8.15907595792685
8.15907595792685
8.17828946726821
8.17828946726821
8.17828946726821
8.17828946726821
8.17828946726821
8.21480666666667
8.21480666666667
8.21480666666667
8.21480666666667
8.21480666666667
8.36113833333333
8.36113833333333
8.36113833333333
8.36113833333333
8.36113833333333
8.42301015720159
8.42301015720159
8.42301015720159
8.42301015720159
8.42301015720159
8.42858895797875
8.42858895797875
8.42858895797875
8.42858895797875
8.42858895797875
8.43480746124508
8.43480746124508
8.43480746124508
8.43480746124508
8.43480746124508
8.44501666666667
8.44501666666667
8.44501666666667
8.44501666666667
8.44501666666667
8.49874
8.49874
8.49874
8.49874
8.49874
8.42556582942257
8.42556582942257
8.42556582942257
8.42556582942257
8.42556582942257
8.41813389338314
8.41813389338314
