-47.8426016666667
-47.8426016666667
-47.8426016666667
-47.8426016666667
-47.8426016666667
-47.5019266666667
-47.5019266666667
-47.5019266666667
-47.5019266666667
-47.5019266666667
-48.0961166666667
-48.0961166666667
-48.0961166666667
-48.0961166666667
-48.0961166666667
-47.8538016666667
-47.8538016666667
-47.8538016666667
-47.8538016666667
-47.8538016666667
-47.8538016666667
-48.5522716666667
-48.5522716666667
-48.5522716666667
-48.5522716666667
-48.5522716666667
-48.1075966666667
-48.1075966666667
-48.1075966666667
-48.1075966666667
-48.1075966666667
-48.1075966666667
-47.586195
-47.586195
-47.586195
-47.586195
-47.586195
-46.9698266666667
-46.9698266666667
-46.9698266666667
-46.9698266666667
-46.9698266666667
-48.330485
-48.330485
-48.330485
-48.330485
-48.330485
-48.561415
-48.561415
-48.561415
-48.561415
-48.561415
-48.2116316666667
-48.2116316666667
-48.2116316666667
-48.2116316666667
-48.2116316666667
-48.6901583333333
-48.6901583333333
-48.6901583333333
-48.6901583333333
-48.6901583333333
-48.5885866666667
-48.5885866666667
-48.5885866666667
-48.5885866666667
-48.5885866666667
-47.8853483333333
-47.8853483333333
-47.8853483333333
-47.8853483333333
-47.8853483333333
-47.863125
-47.863125
-47.863125
-47.863125
-47.863125
-48.00141
-48.00141
-48.00141
-48.00141
-48.00141
-47.9386066666667
-47.9386066666667
-47.9386066666667
-47.9386066666667
-47.9386066666667
-47.6630066666667
-47.6630066666667
-47.6630066666667
-47.6630066666667
-47.6630066666667
-47.4435383333333
-47.4435383333333
-47.4435383333333
-47.4435383333333
-47.4435383333333
-47.08731
-47.08731
-47.08731
-47.08731
-47.08731
-46.640135
-46.640135
-46.640135
-46.640135
-46.640135
-46.4004266666667
-46.4004266666667
-46.4004266666667
-46.4004266666667
-46.4004266666667
-46.1994116666667
-46.1994116666667
-46.1994116666667
-46.1994116666667
-46.1994116666667
-45.9454666666667
-45.9454666666667
-45.9454666666667
-45.9454666666667
-45.9454666666667
-45.5304966666667
-45.5304966666667
-45.5304966666667
-45.5304966666667
-45.5304966666667
-44.94635
-44.94635
-44.94635
-44.94635
-44.94635
-44.54423
-44.54423
-44.54423
-44.54423
-44.54423
-44.2323533333333
-44.2323533333333
-44.2323533333333
-44.2323533333333
-43.9318233333333
-43.9318233333333
-43.9318233333333
-43.9318233333333
-43.9318233333333
-43.72786
-43.72786
-43.72786
-43.72786
-43.72786
-43.5647683333333
-43.5647683333333
-43.5647683333333
-43.5647683333333
-43.5647683333333
-43.50773
-43.50773
-43.50773
-43.50773
-43.50773
-43.4088133333333
-43.4088133333333
-43.4088133333333
-43.4088133333333
-43.4088133333333
-43.36152
-43.36152
-43.36152
-43.36152
-43.36152
-43.350515
-43.350515
-43.350515
-43.350515
-43.350515
-43.3069866666667
-43.3069866666667
-43.3069866666667
-43.3069866666667
-43.3069866666667
-43.2942416666667
-43.2942416666667
-43.2942416666667
-43.2942416666667
-43.2942416666667
-43.289735
-43.289735
-43.289735
-43.289735
-43.289735
-43.31807
-43.31807
-43.31807
-43.31807
-43.31807
-43.3748733333333
-43.3748733333333
-43.3748733333333
-43.3748733333333
-43.3748733333333
-43.4594216666667
-43.4594216666667
-43.4594216666667
-43.4594216666667
-43.4594216666667
-43.5084
-43.5084
-43.5084
-43.5084
-43.5084
-43.5452333333333
-43.5452333333333
-43.5452333333333
-43.5452333333333
-43.5452333333333
-43.6486233333333
-43.6486233333333
-43.6486233333333
-43.6486233333333
-43.6486233333333
-43.7923833333333
-43.7923833333333
-43.7923833333333
-43.7923833333333
-43.7923833333333
-43.836725
-43.836725
-43.836725
-43.836725
-43.836725
-43.8466333333333
-43.8466333333333
-43.8466333333333
-43.8466333333333
-43.8466333333333
-43.9461566666667
-43.9461566666667
-43.9461566666667
-43.9461566666667
-43.9461566666667
-44.1439583333333
-44.1439583333333
-44.1439583333333
-44.1439583333333
-44.1439583333333
-44.3306416666667
-44.3306416666667
-44.3306416666667
-44.3306416666667
-44.3306416666667
-44.4123466666667
-44.4123466666667
-44.4123466666667
-44.4123466666667
-44.4123466666667
-44.4071716666667
-44.4071716666667
-44.4071716666667
-44.4071716666667
-44.341775
-44.341775
-44.341775
-44.341775
-44.341775
-44.2695883333333
-44.2695883333333
-44.2695883333333
-44.2695883333333
-44.2695883333333
-44.24078
-44.24078
-44.24078
-44.24078
-44.24078
-44.2113833333333
-44.2113833333333
-44.2113833333333
-44.2113833333333
-44.2113833333333
-44.1881266666667
-44.1881266666667
-44.1881266666667
-44.1881266666667
-44.1881266666667
-44.1643716666667
-44.1643716666667
-44.1643716666667
-44.1643716666667
-44.1643716666667
-44.1668683333333
-44.1668683333333
-44.1668683333333
-44.1668683333333
-44.1668683333333
-44.1791383333333
-44.1791383333333
-44.1791383333333
-44.1791383333333
-44.1791383333333
-44.174995
-44.174995
-44.174995
-44.174995
-44.174995
-44.1660083333333
