37.574775
37.574775
37.574775
37.574775
37.574775
37.3015816666667
37.3015816666667
37.3015816666667
37.3015816666667
37.3015816666667
37.6944
37.6944
37.6944
37.6944
37.6944
37.5826116666667
37.5826116666667
37.5826116666667
37.5826116666667
37.5826116666667
37.5826116666667
39.7390783333333
39.7390783333333
39.7390783333333
39.7390783333333
39.7390783333333
37.707585
37.707585
37.707585
37.707585
37.707585
37.707585
39.9590583333333
39.9590583333333
39.9590583333333
39.9590583333333
39.9590583333333
38.94862
38.94862
38.94862
38.94862
38.94862
39.0769383333333
39.0769383333333
39.0769383333333
39.0769383333333
39.0769383333333
40.7338166666667
40.7338166666667
40.7338166666667
40.7338166666667
40.7338166666667
40.54458
40.54458
40.54458
40.54458
40.54458
40.7727883333333
40.7727883333333
40.7727883333333
40.7727883333333
40.7727883333333
41.8413233333333
41.8413233333333
41.8413233333333
41.8413233333333
41.8413233333333
42.82243
42.82243
42.82243
42.82243
42.82243
43.5081133333333
43.5081133333333
43.5081133333333
43.5081133333333
43.5081133333333
44.6524066666667
44.6524066666667
44.6524066666667
44.6524066666667
44.6524066666667
45.7141783333333
45.7141783333333
45.7141783333333
45.7141783333333
45.7141783333333
46.6354483333333
46.6354483333333
46.6354483333333
46.6354483333333
46.6354483333333
47.2052666666667
47.2052666666667
47.2052666666667
47.2052666666667
47.2052666666667
47.6322633333333
47.6322633333333
47.6322633333333
47.6322633333333
47.6322633333333
47.8339383333333
47.8339383333333
47.8339383333333
47.8339383333333
47.8339383333333
47.9789383333333
47.9789383333333
47.9789383333333
47.9789383333333
47.9789383333333
48.000225
48.000225
48.000225
48.000225
48.000225
48.0067833333333
48.0067833333333
48.0067833333333
48.0067833333333
48.0067833333333
47.918725
47.918725
47.918725
47.918725
47.918725
47.6551766666667
47.6551766666667
47.6551766666667
47.6551766666667
47.6551766666667
47.3820383333333
47.3820383333333
47.3820383333333
47.3820383333333
47.3820383333333
47.1696833333333
47.1696833333333
47.1696833333333
47.1696833333333
47.1080916666667
47.1080916666667
47.1080916666667
47.1080916666667
47.1080916666667
47.0975016666667
47.0975016666667
47.0975016666667
47.0975016666667
47.0975016666667
47.468675
47.468675
47.468675
47.468675
47.468675
47.9043566666667
47.9043566666667
47.9043566666667
47.9043566666667
47.9043566666667
48.20307
48.20307
48.20307
48.20307
48.20307
48.346835
48.346835
48.346835
48.346835
48.346835
48.5609683333333
48.5609683333333
48.5609683333333
48.5609683333333
48.5609683333333
48.7727816666667
48.7727816666667
48.7727816666667
48.7727816666667
48.7727816666667
48.9762183333333
48.9762183333333
48.9762183333333
48.9762183333333
48.9762183333333
49.0969866666667
49.0969866666667
49.0969866666667
49.0969866666667
49.0969866666667
49.2549733333333
49.2549733333333
49.2549733333333
49.2549733333333
49.2549733333333
49.3775916666667
49.3775916666667
49.3775916666667
49.3775916666667
49.3775916666667
49.6227733333333
49.6227733333333
49.6227733333333
49.6227733333333
49.6227733333333
49.9859583333333
49.9859583333333
49.9859583333333
49.9859583333333
49.9859583333333
50.325645
50.325645
50.325645
50.325645
50.325645
50.7439916666667
50.7439916666667
50.7439916666667
50.7439916666667
50.7439916666667
51.3215683333333
51.3215683333333
51.3215683333333
51.3215683333333
51.3215683333333
51.7581816666667
51.7581816666667
51.7581816666667
51.7581816666667
51.7581816666667
52.3267216666667
52.3267216666667
52.3267216666667
52.3267216666667
52.3267216666667
52.8832466666667
52.8832466666667
52.8832466666667
52.8832466666667
52.8832466666667
53.2032783333333
53.2032783333333
53.2032783333333
53.2032783333333
53.2032783333333
53.3538466666667
53.3538466666667
53.3538466666667
53.3538466666667
53.3538466666667
53.2945333333333
53.2945333333333
53.2945333333333
53.2945333333333
53.2945333333333
53.174805
53.174805
53.174805
53.174805
53.0810566666667
53.0810566666667
53.0810566666667
53.0810566666667
53.0810566666667
52.9607016666667
52.9607016666667
52.9607016666667
52.9607016666667
52.9607016666667
52.8987816666667
52.8987816666667
52.8987816666667
52.8987816666667
52.8987816666667
52.85382
52.85382
52.85382
52.85382
52.85382
52.8578683333333
52.8578683333333
52.8578683333333
52.8578683333333
52.8578683333333
52.9460066666667
52.9460066666667
52.9460066666667
52.9460066666667
52.9460066666667
53.0620616666667
53.0620616666667
53.0620616666667
53.0620616666667
53.0620616666667
53.175305
53.175305
53.175305
53.175305
53.175305
53.25882
53.25882
53.25882
53.25882
53.25882
53.31929
