7.357284930555555038e+05
7.357281354166666279e+05
7.357294840277777985e+05
7.357285576388889458e+05
7.357304826388888760e+05
7.357313972222221782e+05
7.357323930555555271e+05
7.357333993055555038e+05
7.357344013888889458e+05
7.357354062500000000e+05
7.357364020833333489e+05
7.357373965277777752e+05
7.357383979166666977e+05
7.357394000000000233e+05
7.357403972222221782e+05
7.357414020833333489e+05
7.357423986111111008e+05
7.357433979166666977e+05
7.357444000000000233e+05
7.357453993055555038e+05
7.357462368055555271e+05
7.357464062500000000e+05
7.357460000000000000e+05
7.357472354166667210e+05
7.357474104166666511e+05
7.357475763888888760e+05
7.357482284722222248e+05
7.357484062500000000e+05
7.357485798611111240e+05
7.357489875000000466e+05
7.357491229166666744e+05
7.357492451388889458e+05
7.357493298611111240e+05
7.357495041666666511e+05
7.357495812500000466e+05
7.357497055555555271e+05
7.357498750000000000e+05
7.357501451388888527e+05
7.357502493055555969e+05
7.357503305555555271e+05
7.357505020833333256e+05
7.357505812500000466e+05
7.357507048611111240e+05
7.357508631944444496e+05
7.357510034722222481e+05
7.357511284722222481e+05
7.357513305555555271e+05
7.357515020833333256e+05
7.357515847222221782e+05
7.357517069444444496e+05
7.357518763888889225e+05
7.357614006944444263e+05
7.357714006944444263e+05
7.357813965277777752e+05
7.357914006944444263e+05
7.358013965277777752e+05
7.358113979166666977e+05
7.358214013888889458e+05
7.358313986111111008e+05
7.358414048611110775e+05
7.358464006944444263e+05
7.358514034722222714e+05
7.358563993055555038e+05
7.358614000000000233e+05
7.358664041666666744e+05
7.358713993055555038e+05
7.358744006944444263e+05
7.358774020833333489e+05
7.358803965277777752e+05
7.358834006944444263e+05
7.358864069444444031e+05
7.358894020833333489e+05
7.358924034722222714e+05
7.358953562499999534e+05
7.358983576388888760e+05
7.359013618055555271e+05
7.359043993055555038e+05
7.359074034722222714e+05
7.359104041666666744e+05
7.359133979166666977e+05
7.359164006944444263e+05
7.359194062500000000e+05
7.359224069444444031e+05
7.359254000000000233e+05
7.359284013888889458e+05
7.359313958333333721e+05
7.359343979166666977e+05
7.359364062500000000e+05
7.359384006944444263e+05
7.359404076388889225e+05
7.359424006944444263e+05
7.359444027777777519e+05
7.359464055555555969e+05
7.359484027777777519e+05
7.359503986111111008e+05
7.359523951388888527e+05
7.359544006944444263e+05
7.359564000000000233e+05
7.359583958333333721e+05
7.359604034722222714e+05
7.359623993055555038e+05
7.359644034722222714e+05
7.359663965277777752e+05
7.359684076388889225e+05
7.359703993055555038e+05
7.359734006944444263e+05
7.359763972222221782e+05
7.359793965277777752e+05
7.359823965277777752e+05
7.359854048611110775e+05
7.359884034722222714e+05
7.359914041666666744e+05
7.359944000000000233e+05
7.359993979166666977e+05
7.360044006944444263e+05
7.360094048611110775e+05
7.360143993055555038e+05
7.360194020833333489e+05
7.360243979166666977e+05
7.360294006944444263e+05
7.360344076388889225e+05
7.360394006944444263e+05
7.360443673611111008e+05
7.360493625000000466e+05
7.360543562499999534e+05
7.360643576388888760e+05
7.360673583333332790e+05
7.360688604166667210e+05
7.360698409722222714e+05
7.360708645833333721e+05
7.360753576388888760e+05
7.360803645833333721e+05
7.360903618055555271e+05
7.361003576388888760e+05
7.361103645833333721e+05
7.361203541666666279e+05
7.361303604166667210e+05
7.361403631944444496e+05
7.361503534722222248e+05
7.361603680555555038e+05
7.361703701388889458e+05
7.361803256944444729e+05
7.361903256944444729e+05
7.362003270833332790e+05
7.362053249999999534e+05
7.362153270833332790e+05
7.362203284722222015e+05
7.362253270833332790e+05
7.362303249999999534e+05
7.362353215277778218e+05
7.362383243055555504e+05
7.362413215277778218e+05
7.362443145833333256e+05
7.362473229166666279e+05
7.362503326388888527e+05
7.362533215277778218e+05
7.362563229166666279e+05
7.362593187499999767e+05
7.362623256944444729e+05
7.362653256944444729e+05
7.362683256944444729e+05
7.362713256944444729e+05
7.362743256944444729e+05
7.362773270833332790e+05
7.362803215277778218e+05
7.362833256944444729e+05
7.362863229166666279e+05
7.362923284722222015e+05
7.362953270833332790e+05
7.362983715277777519e+05
7.363003673611111008e+05
7.363023631944444496e+05
7.363043666666666977e+05
7.363063229166666279e+05
7.363083201388888992e+05
7.363103229166666279e+05
7.363123215277778218e+05
7.363143256944444729e+05
7.363163270833332790e+05
7.363183243055555504e+05
7.363203243055555504e+05
7.363223256944444729e+05
7.363243256944444729e+05
7.363263243055555504e+05
7.363283215277778218e+05
7.363303270833332790e+05
7.363333270833332790e+05
7.363353243055555504e+05
7.363373270833332790e+05
7.363393298611111240e+05
7.363413298611111240e+05
7.363433312500000466e+05
7.363453229166666279e+05
7.363473270833332790e+05
7.363493243055555504e+05
7.363513270833332790e+05
7.363533298611111240e+05
7.363553270833332790e+05
7.363573256944444729e+05
7.363593256944444729e+05
7.363613270833332790e+05
7.363633298611111240e+05
7.363653256944444729e+05
7.363673298611111240e+05
7.363693201388888992e+05
7.363713222222222248e+05
7.363733256944444729e+05
7.363753270833332790e+05
7.363773229166666279e+05
7.363793298611111240e+05
7.363813256944444729e+05
7.363833270833332790e+05
7.363853243055555504e+05
7.363873284722222015e+05
7.363923284722222015e+05
7.363973256944444729e+05
7.364023229166666279e+05
7.364073284722222015e+05
7.364123243055555504e+05
7.364173229166666279e+05
7.364220000000000000e+05
7.364273263888888760e+05
7.364323298611111240e+05
7.364338284722222015e+05
7.364433326388888527e+05
7.364482854166666511e+05
7.364582868055555737e+05
7.364682868055555737e+05
7.364782812500000000e+05
7.364882756944444263e+05
7.364982840277777286e+05
7.365082798611110775e+05
7.365182840277777286e+05
7.365282868055555737e+05
7.365382868055555737e+05
7.365482826388889225e+05
7.365582798611110775e+05
7.365682854166666511e+05
7.365732840277777286e+05
7.365782840277777286e+05
7.365832854166666511e+05
7.365882791666666744e+05
7.365932840277777286e+05
7.365982840277777286e+05
7.366012833333333256e+05
7.366062798611110775e+05
7.366092868055555737e+05
7.366122805555555969e+05
7.366152826388889225e+05
7.366182798611110775e+05
7.366212909722222248e+05
7.366242868055555737e+05
7.366272840277777286e+05
7.366302881944444962e+05
7.366332826388889225e+05
7.366362784722222714e+05
7.366392798611110775e+05
7.366422763888889458e+05
7.366452729166666977e+05
7.366482715277777752e+05
7.366512770833333489e+05
7.366542715277777752e+05
7.366572763888889458e+05
7.366602756944444263e+05
7.366632784722222714e+05
7.366652743055555038e+05
7.366672743055555038e+05
7.366692750000000233e+05
7.366712750000000233e+05
7.366732756944444263e+05
7.366752784722222714e+05
7.366772756944444263e+05
7.366792750000000233e+05
7.366812722222221782e+05
7.366832756944444263e+05
7.366852756944444263e+05
7.366872798611110775e+05
7.366892770833333489e+05
7.366912770833333489e+05
7.366932729166666977e+05
7.366952756944444263e+05
7.366972756944444263e+05
7.366992770833333489e+05
7.367012812500000000e+05
7.367032805555555969e+05
7.367052798611110775e+05
7.367072770833333489e+05
7.367092798611110775e+05
7.367112701388888527e+05
7.367132590277778218e+05
7.367152729166666977e+05
7.367172729166666977e+05
7.367192743055555038e+05
7.367212784722222714e+05
7.367232777777777519e+05
7.367252770833333489e+05
7.367272743055555038e+05
7.367292798611110775e+05
7.367312770833333489e+05
7.367332756944444263e+05
7.367352826388889225e+05
7.367372798611110775e+05
7.367392756944444263e+05
7.367412770833333489e+05
7.367432770833333489e+05
7.367452798611110775e+05
7.367472715277777752e+05
7.367492729166666977e+05
7.367512750000000233e+05
7.367532729166666977e+05
7.367552743055555038e+05
7.367602729166666977e+05
7.367652763888889458e+05
7.367702784722222714e+05
7.367752812500000000e+05
7.367802826388889225e+05
7.367852715277777752e+05
7.367902743055555038e+05
7.367952798611110775e+05
7.368002763888889458e+05
7.368052743055555038e+05
7.368102770833333489e+05
7.368202784722222714e+05
7.368302812500000000e+05
7.368402784722222714e+05
7.368502798611110775e+05
7.368602826388889225e+05
7.368702798611110775e+05
7.368802798611110775e+05
7.368902770833333489e+05
7.369002701388888527e+05
7.369102812500000000e+05
7.369202770833333489e+05
7.369302729166666977e+05
7.369352784722222714e+05
7.369402756944444263e+05
7.369452784722222714e+05
7.369502812500000000e+05
7.369552770833333489e+05
7.369602750000000233e+05
7.369652784722222714e+05
7.369702798611110775e+05
7.369732798611110775e+05
7.369762770833333489e+05
7.369792770833333489e+05
7.369822694444444496e+05
7.369852812500000000e+05
7.369882777777777519e+05
7.369912784722222714e+05
