7.355784875000000466e+05
7.355778062500000233e+05
7.355794847222222015e+05
7.355780000000000000e+05
7.355804881944444496e+05
7.355814881944444496e+05
7.355824854166667210e+05
7.355834798611111473e+05
7.355844923611111008e+05
7.355854763888888992e+05
7.355864826388888760e+05
7.355914895833333721e+05
7.355964868055555271e+05
7.356014805555555504e+05
7.356064833333332790e+05
7.356114784722222248e+05
7.356164875000000466e+05
7.356214840277777985e+05
7.356264902777777752e+05
7.356314881944444496e+05
7.356364854166667210e+05
7.356414881944444496e+05
7.356464868055555271e+05
7.356514833333332790e+05
7.356564833333332790e+05
7.356614854166667210e+05
7.356664402777777286e+05
7.356714458333333023e+05
7.356764458333333023e+05
7.356814451388888992e+05
7.356864416666666511e+05
7.356964423611110542e+05
7.357064472222222248e+05
7.357164499999999534e+05
7.357264451388888992e+05
7.357364444444444962e+05
7.357464402777777286e+05
7.357564409722222481e+05
7.357664465277778218e+05
7.357764430555555737e+05
7.357864444444444962e+05
7.357964451388888992e+05
7.358064437499999767e+05
7.358164444444444962e+05
7.358264451388888992e+05
7.358364402777777286e+05
7.358464020833333489e+05
7.358513993055555038e+05
7.358564062500000000e+05
7.358614041666666744e+05
7.358664013888889458e+05
7.358714006944444263e+05
7.358744027777777519e+05
7.358774027777777519e+05
7.358803979166666977e+05
7.358834027777777519e+05
7.358864000000000233e+05
7.358893979166666977e+05
7.358924048611110775e+05
7.358954027777777519e+05
7.358984048611110775e+05
7.359013951388888527e+05
7.359044041666666744e+05
7.359074000000000233e+05
7.359103986111111008e+05
7.359134048611110775e+05
7.359164006944444263e+05
7.359194034722222714e+05
7.359224013888889458e+05
7.359253965277777752e+05
7.359284104166666511e+05
7.359313631944444496e+05
7.359343576388888760e+05
7.359374062500000000e+05
7.359394000000000233e+05
7.359413979166666977e+05
7.359434006944444263e+05
7.359454000000000233e+05
7.359474048611110775e+05
7.359493979166666977e+05
7.359514006944444263e+05
7.359534027777777519e+05
7.359554006944444263e+05
7.359574076388889225e+05
7.359594083333333256e+05
7.359614006944444263e+05
7.359634020833333489e+05
7.359654034722222714e+05
7.359674006944444263e+05
7.359694041666666744e+05
7.359724006944444263e+05
7.359754027777777519e+05
7.359784000000000233e+05
7.359814034722222714e+05
7.359843979166666977e+05
7.359874020833333489e+05
7.359904000000000233e+05
7.359934000000000233e+05
7.359984006944444263e+05
7.360033993055555038e+05
7.360084020833333489e+05
7.360134027777777519e+05
7.360184034722222714e+05
7.360234000000000233e+05
7.360284041666666744e+05
7.360333979166666977e+05
7.360384069444444031e+05
7.360434000000000233e+05
7.360484034722222714e+05
7.360533965277777752e+05
7.360549000000000233e+05
7.360594000000000233e+05
7.360644020833333489e+05
7.360658993055555038e+05
7.360664034722222714e+05
7.360674041666666744e+05
7.360684062500000000e+05
7.360734034722222714e+05
7.360783958333333721e+05
7.360834020833333489e+05
7.360934027777777519e+05
7.361034013888889458e+05
7.361134041666666744e+05
7.361234055555555969e+05
7.361334020833333489e+05
7.361434013888889458e+05
7.361534048611110775e+05
7.361634305555555038e+05
7.361734000000000233e+05
7.361834020833333489e+05
7.361934062500000000e+05
7.362034027777777519e+05
7.362084013888889458e+05
7.362134027777777519e+05
7.362184034722222714e+05
7.362234027777777519e+05
7.362284041666666744e+05
7.362334013888889458e+05
7.362383604166667210e+05
7.362413590277777985e+05
7.362443597222222015e+05
7.362473638888888527e+05
7.362503597222222015e+05
7.362533576388888760e+05
7.362563618055555271e+05
7.362593645833333721e+05
7.362623583333332790e+05
7.362653631944444496e+05
7.362683569444444729e+05
7.362713618055555271e+05
7.362743597222222015e+05
7.362773597222222015e+05
7.362803611111111240e+05
7.362833611111111240e+05
7.362863625000000466e+05
7.362893590277777985e+05
7.362923631944444496e+05
7.362953625000000466e+05
7.362983625000000466e+05
7.363004006944444263e+05
7.363024027777777519e+05
7.363044062500000000e+05
7.363064034722222714e+05
7.363084041666666744e+05
7.363104020833333489e+05
7.363124020833333489e+05
7.363144020833333489e+05
7.363164020833333489e+05
7.363184006944444263e+05
7.363204048611110775e+05
7.363224034722222714e+05
7.363244020833333489e+05
7.363264020833333489e+05
7.363284020833333489e+05
7.363304020833333489e+05
7.363334027777777519e+05
7.363354027777777519e+05
7.363374034722222714e+05
7.363414013888889458e+05
7.363433993055555038e+05
7.363454041666666744e+05
7.363474013888889458e+05
7.363494013888889458e+05
7.363514013888889458e+05
7.363534048611110775e+05
7.363553979166666977e+05
7.363574006944444263e+05
7.363594027777777519e+05
7.363614020833333489e+05
7.363634048611110775e+05
7.363654020833333489e+05
7.363674034722222714e+05
7.363694027777777519e+05
7.363714034722222714e+05
7.363734013888889458e+05
7.363754041666666744e+05
7.363774013888889458e+05
7.363794048611110775e+05
7.363814048611110775e+05
7.363833993055555038e+05
7.363854013888889458e+05
7.363874006944444263e+05
7.363924020833333489e+05
7.363974034722222714e+05
7.364024027777777519e+05
7.364074013888889458e+05
7.364124013888889458e+05
7.364173604166667210e+05
7.364223604166667210e+05
7.364273611111111240e+05
7.364323576388888760e+05
7.364338583333332790e+05
7.364383618055555271e+05
7.364433625000000466e+05
7.364483576388888760e+05
7.364583638888888527e+05
7.364683583333332790e+05
7.364783604166667210e+05
7.364883625000000466e+05
7.364983597222222015e+05
7.365083618055555271e+05
7.365183604166667210e+05
7.365283604166667210e+05
7.365813631944444496e+05
7.366103590277777985e+05
