7.362534881944444496e+05
7.362531986111111473e+05
7.362544868055555271e+05
7.362535756944444729e+05
7.362554840277777985e+05
7.362560298611110775e+05
7.362572819444444031e+05
7.362585263888889458e+05
7.362592770833333489e+05
7.362600284722222714e+05
7.362612826388889225e+05
7.362626972222222248e+05
7.362632791666666744e+05
7.362642756944444263e+05
7.362650270833333489e+05
7.362662777777777519e+05
7.362675250000000233e+05
7.362682798611110775e+05
7.362689875000000466e+05
7.362702819444444031e+05
7.362715319444444031e+05
7.362732798611110775e+05
7.362749895833333721e+05
7.362769840277777985e+05
7.362792791666666744e+05
7.362815736111111473e+05
7.362832791666666744e+05
7.362849902777777752e+05
7.362872826388889225e+05
7.362895736111111473e+05
7.362912798611110775e+05
7.362929909722221782e+05
7.362952819444444031e+05
7.362975729166666279e+05
7.362992770833333489e+05
7.363009895833333721e+05
7.363032680555555271e+05
7.363055611111110775e+05
7.363072861111110542e+05
7.363089881944444496e+05
7.363112805555555969e+05
7.363136152777777752e+05
7.363152798611110775e+05
7.363169881944444496e+05
7.363192777777777519e+05
7.363216173611111008e+05
7.363232756944444263e+05
7.363249881944444496e+05
7.363272812500000000e+05
7.363292791666666744e+05
7.363336194444444263e+05
7.363352819444444031e+05
7.363370298611110775e+05
7.363392791666666744e+05
7.363415687499999767e+05
7.363432798611110775e+05
7.363450263888889458e+05
7.363472826388889225e+05
7.363495277777777519e+05
7.363512763888889458e+05
7.363530305555555969e+05
7.363552847222222481e+05
7.363572798611110775e+05
7.363590312500000000e+05
7.363612833333333256e+05
7.363635361111110542e+05
7.363682687500000466e+05
7.363730729166666279e+05
7.363782805555555969e+05
