7.355784875000000466e+05
7.355778062500000233e+05
7.355794847222222015e+05
7.355780000000000000e+05
7.355804881944444496e+05
7.355814881944444496e+05
7.355824854166667210e+05
7.355834798611111473e+05
7.355844923611111008e+05
7.355854763888888992e+05
7.355864826388888760e+05
7.355914895833333721e+05
7.355964868055555271e+05
7.356014805555555504e+05
7.356064833333332790e+05
7.356114784722222248e+05
7.356164875000000466e+05
7.356214840277777985e+05
7.356264902777777752e+05
7.356314881944444496e+05
7.356364854166667210e+05
7.356414881944444496e+05
7.356464868055555271e+05
7.356514833333332790e+05
7.356564833333332790e+05
7.356614854166667210e+05
7.356664402777777286e+05
7.356714458333333023e+05
7.356764458333333023e+05
7.356814451388888992e+05
7.356864416666666511e+05
7.356964423611110542e+05
7.357064472222222248e+05
7.357164499999999534e+05
7.357264451388888992e+05
7.357364444444444962e+05
7.357464402777777286e+05
7.357564409722222481e+05
7.357664465277778218e+05
7.357764430555555737e+05
7.357864444444444962e+05
7.357964451388888992e+05
7.358064437499999767e+05
7.358164444444444962e+05
7.358264451388888992e+05
7.358364402777777286e+05
7.358464020833333489e+05
7.358513993055555038e+05
7.358564062500000000e+05
7.358614041666666744e+05
7.358664013888889458e+05
7.358714006944444263e+05
7.358744027777777519e+05
7.358774027777777519e+05
7.358803979166666977e+05
7.358834027777777519e+05
7.358864000000000233e+05
7.358893979166666977e+05
7.358924048611110775e+05
7.358954027777777519e+05
7.358984048611110775e+05
7.359013951388888527e+05
7.359044041666666744e+05
7.359074000000000233e+05
7.359103986111111008e+05
7.359134048611110775e+05
7.359164006944444263e+05
7.359194034722222714e+05
7.359224013888889458e+05
7.359253965277777752e+05
7.359284104166666511e+05
7.359313631944444496e+05
7.359343576388888760e+05
7.359374062500000000e+05
7.359394000000000233e+05
7.359413979166666977e+05
7.359434006944444263e+05
7.359454000000000233e+05
7.359474048611110775e+05
7.359493979166666977e+05
7.359514006944444263e+05
7.359534027777777519e+05
7.359554006944444263e+05
7.359574076388889225e+05
7.359594083333333256e+05
7.359614006944444263e+05
7.359634020833333489e+05
7.359654034722222714e+05
7.359674006944444263e+05
7.359694041666666744e+05
7.359724006944444263e+05
7.359754027777777519e+05
7.359784000000000233e+05
7.359814034722222714e+05
7.359843979166666977e+05
7.359874020833333489e+05
7.359904000000000233e+05
7.359934000000000233e+05
7.359984006944444263e+05
7.360033993055555038e+05
7.360084020833333489e+05
7.360134027777777519e+05
7.360184034722222714e+05
7.360234000000000233e+05
7.360284041666666744e+05
7.360333979166666977e+05
7.360384069444444031e+05
7.360434000000000233e+05
7.360484034722222714e+05
7.360533965277777752e+05
7.360549000000000233e+05
7.360594000000000233e+05
7.360644020833333489e+05
7.360658993055555038e+05
7.360664034722222714e+05
7.360674041666666744e+05
7.360684062500000000e+05
7.360734034722222714e+05
7.360783958333333721e+05
7.360834020833333489e+05
7.360934027777777519e+05
7.361034013888889458e+05
7.361134041666666744e+05
7.361234055555555969e+05
7.361334020833333489e+05
7.361434013888889458e+05
7.361534048611110775e+05
7.361634305555555038e+05
7.361734000000000233e+05
7.361834020833333489e+05
7.361934062500000000e+05
7.362034027777777519e+05
7.362084013888889458e+05
7.362134027777777519e+05
7.362184034722222714e+05
7.362234027777777519e+05
7.362284041666666744e+05
7.362334013888889458e+05
7.362383604166667210e+05
7.362413590277777985e+05
7.362443597222222015e+05
7.362473638888888527e+05
7.362503597222222015e+05
7.362533576388888760e+05
7.362563618055555271e+05
7.362593645833333721e+05
7.362623583333332790e+05
7.362653631944444496e+05
7.362683569444444729e+05
7.362713618055555271e+05
7.362743597222222015e+05
7.362773597222222015e+05
7.362803611111111240e+05
7.362833611111111240e+05
7.362863625000000466e+05
7.362893590277777985e+05
7.362923631944444496e+05
7.362953625000000466e+05
7.362983625000000466e+05
7.363004006944444263e+05
7.363024027777777519e+05
7.363044062500000000e+05
7.363064034722222714e+05
7.363084041666666744e+05
7.363104020833333489e+05
7.363124020833333489e+05
7.363144020833333489e+05
7.363164020833333489e+05
7.363184006944444263e+05
7.363204048611110775e+05
7.363224034722222714e+05
7.363244020833333489e+05
7.363264020833333489e+05
7.363284020833333489e+05
7.363304020833333489e+05
7.363334027777777519e+05
7.363354027777777519e+05
7.363374034722222714e+05
7.363414013888889458e+05
7.363433993055555038e+05
7.363454041666666744e+05
7.363474013888889458e+05
7.363494013888889458e+05
7.363514013888889458e+05
7.363534048611110775e+05
7.363553979166666977e+05
7.363574006944444263e+05
7.363594027777777519e+05
7.363614020833333489e+05
7.363634048611110775e+05
7.363654020833333489e+05
7.363674034722222714e+05
7.363694027777777519e+05
7.363714034722222714e+05
7.363734013888889458e+05
7.363754041666666744e+05
7.363774013888889458e+05
7.363794048611110775e+05
7.363814048611110775e+05
7.363833993055555038e+05
7.363854013888889458e+05
7.363874006944444263e+05
7.363924020833333489e+05
7.363974034722222714e+05
7.364024027777777519e+05
7.364074013888889458e+05
7.364124013888889458e+05
7.364173604166667210e+05
7.364223604166667210e+05
7.364273611111111240e+05
7.364323576388888760e+05
7.364338583333332790e+05
7.364383618055555271e+05
7.364433625000000466e+05
7.364483576388888760e+05
7.364583638888888527e+05
7.364683583333332790e+05
7.364783604166667210e+05
7.364883625000000466e+05
7.364983597222222015e+05
7.365083618055555271e+05
7.365183604166667210e+05
7.365283604166667210e+05
7.365813631944444496e+05
7.366103590277777985e+05
7.357144833333332790e+05
7.357136402777777985e+05
7.357154881944444496e+05
7.357140000000000000e+05
7.357253645833333721e+05
7.357155756944444729e+05
7.357353645833333721e+05
7.357453611111111240e+05
7.357553611111111240e+05
7.357653576388888760e+05
7.357753590277777985e+05
7.357853562499999534e+05
7.357953569444444729e+05
7.358053604166667210e+05
7.358103583333332790e+05
7.358153611111111240e+05
7.358203611111111240e+05
7.358253625000000466e+05
7.358303590277777985e+05
7.358353638888888527e+05
7.358403611111111240e+05
7.358453576388888760e+05
7.358503618055555271e+05
7.358553645833333721e+05
7.358603666666666977e+05
7.358653645833333721e+05
7.358703631944444496e+05
7.358753618055555271e+05
7.358803618055555271e+05
7.358853604166667210e+05
7.358903583333332790e+05
7.358953625000000466e+05
7.359003625000000466e+05
7.359033618055555271e+05
7.359063618055555271e+05
7.359093597222222015e+05
7.359123222222222248e+05
7.359153256944444729e+05
7.359183187499999767e+05
7.359213222222222248e+05
7.359243222222222248e+05
7.359273201388888992e+05
7.359303201388888992e+05
7.359333201388888992e+05
7.359363208333333023e+05
7.359383166666666511e+05
7.359403222222222248e+05
7.359423194444444962e+05
7.359443194444444962e+05
7.359463222222222248e+05
7.359483201388888992e+05
7.359503201388888992e+05
7.359523187499999767e+05
7.359543180555555737e+05
7.359563180555555737e+05
7.359583187499999767e+05
7.359603229166666279e+05
7.359623597222222015e+05
7.359643625000000466e+05
7.359663611111111240e+05
7.359683604166667210e+05
7.359703604166667210e+05
7.359743576388888760e+05
7.359783604166667210e+05
7.359823625000000466e+05
7.359863625000000466e+05
7.359903583333332790e+05
7.359943590277777985e+05
7.359983631944444496e+05
7.360023576388888760e+05
7.360063659722221782e+05
7.360103569444444729e+05
7.360143590277777985e+05
7.360183638888888527e+05
7.360223625000000466e+05
7.360273604166667210e+05
7.360323625000000466e+05
7.360373173611110542e+05
7.360423201388888992e+05
7.360473194444444962e+05
7.360523222222222248e+05
7.360623236111111473e+05
7.360638208333333023e+05
7.360643194444444962e+05
7.360743159722222481e+05
7.360843173611110542e+05
7.360943215277778218e+05
7.361043215277778218e+05
7.361143201388888992e+05
7.361243187499999767e+05
7.361343187499999767e+05
7.361443201388888992e+05
7.361543236111111473e+05
7.361643215277778218e+05
7.361743215277778218e+05
7.361793173611110542e+05
7.361843215277778218e+05
7.361892680555555271e+05
7.361942784722222714e+05
7.361992729166666977e+05
7.362042798611110775e+05
7.362092770833333489e+05
7.362142770833333489e+05
7.362192784722222714e+05
7.362242756944444263e+05
7.362292784722222714e+05
7.362342756944444263e+05
7.362372770833333489e+05
7.362422854166666511e+05
7.362452791666666744e+05
7.362482694444444496e+05
7.362512812500000000e+05
7.362542854166666511e+05
7.362572798611110775e+05
7.362602770833333489e+05
7.362632729166666977e+05
7.362662777777777519e+05
7.362692812500000000e+05
7.362722770833333489e+05
7.362752750000000233e+05
7.362782805555555969e+05
7.362812784722222714e+05
7.362842743055555038e+05
7.362872750000000233e+05
7.362902750000000233e+05
7.362932750000000233e+05
7.362962784722222714e+05
7.362992743055555038e+05
7.363022743055555038e+05
7.363052770833333489e+05
7.363082798611110775e+05
7.363112770833333489e+05
7.363142743055555038e+05
7.363172743055555038e+05
7.363202729166666977e+05
7.363232805555555969e+05
7.363262750000000233e+05
7.363292715277777752e+05
7.363322763888889458e+05
7.363352798611110775e+05
7.363392375000000466e+05
7.363412368055555271e+05
7.363432368055555271e+05
7.363452375000000466e+05
7.363472361111111240e+05
7.363492340277777985e+05
7.363512333333332790e+05
7.363532326388888760e+05
7.363552326388888760e+05
7.363572395833333721e+05
7.363592340277777985e+05
7.363612402777777752e+05
7.363632388888888527e+05
7.363652395833333721e+05
7.363672319444444729e+05
7.363692340277777985e+05
7.363712333333332790e+05
7.363732395833333721e+05
7.363752319444444729e+05
7.363772340277777985e+05
7.363792340277777985e+05
7.363812326388888760e+05
7.363832354166667210e+05
7.363852340277777985e+05
7.363872319444444729e+05
7.363922333333332790e+05
7.363972312499999534e+05
7.364022381944444496e+05
7.364072340277777985e+05
7.364122409722221782e+05
7.364172333333332790e+05
7.364272319444444729e+05
7.364372312499999534e+05
7.364387347222222015e+05
7.364432319444444729e+05
7.364482354166667210e+05
7.364582361111111240e+05
7.364682361111111240e+05
7.364782326388888760e+05
7.364882333333332790e+05
7.364982409722221782e+05
7.365082395833333721e+05
7.365182368055555271e+05
7.365282347222222015e+05
7.365382361111111240e+05
7.365432347222222015e+05
7.365482326388888760e+05
7.365532361111111240e+05
7.365582340277777985e+05
7.365632326388888760e+05
7.365681979166666279e+05
7.365731916666666511e+05
7.365781937499999767e+05
7.365831868055555969e+05
7.365881951388888992e+05
7.365931909722222481e+05
7.365981930555555737e+05
7.366011937499999767e+05
7.366061923611110542e+05
7.366091951388888992e+05
7.366121951388888992e+05
7.366151965277778218e+05
7.366181930555555737e+05
7.366211944444444962e+05
7.366241993055555504e+05
7.366271937499999767e+05
7.366301937499999767e+05
7.366331930555555737e+05
7.366361951388888992e+05
7.366391965277778218e+05
7.366421965277778218e+05
7.366451937499999767e+05
7.366481937499999767e+05
7.366511951388888992e+05
7.366541930555555737e+05
7.366571958333333023e+05
7.366601951388888992e+05
7.366631909722222481e+05
7.366651909722222481e+05
7.366671479166666977e+05
7.366691534722222714e+05
7.366711513888889458e+05
7.366731506944444263e+05
7.366751513888889458e+05
7.366771555555555969e+05
7.366791548611110775e+05
7.366811513888889458e+05
7.366831520833333489e+05
7.366851486111111008e+05
7.366871520833333489e+05
7.366891513888889458e+05
7.366911548611110775e+05
7.366931534722222714e+05
7.366951534722222714e+05
7.366971527777777519e+05
7.366991520833333489e+05
7.367011555555555969e+05
7.367031555555555969e+05
7.367051527777777519e+05
7.367071534722222714e+05
7.367091541666666744e+05
7.367111506944444263e+05
7.367131534722222714e+05
7.367151513888889458e+05
7.367171527777777519e+05
7.367191555555555969e+05
7.367211541666666744e+05
7.367231479166666977e+05
7.367251520833333489e+05
7.367271520833333489e+05
7.367291527777777519e+05
7.367311479166666977e+05
7.367331506944444263e+05
7.367351513888889458e+05
7.367371541666666744e+05
7.367391534722222714e+05
7.367411520833333489e+05
7.367431534722222714e+05
7.367451520833333489e+05
7.367471541666666744e+05
7.367511541666666744e+05
7.367531534722222714e+05
7.367551541666666744e+05
7.367601527777777519e+05
7.367651513888889458e+05
7.367701534722222714e+05
7.367751513888889458e+05
7.367801500000000233e+05
7.367851534722222714e+05
7.367901513888889458e+05
7.367951506944444263e+05
7.368001506944444263e+05
7.368051534722222714e+05
7.368101562500000000e+05
7.368201104166667210e+05
7.368301145833333721e+05
7.368401090277777985e+05
7.368501138888888527e+05
7.368601104166667210e+05
7.368701118055555271e+05
7.368801131944444496e+05
7.368901145833333721e+05
7.369001138888888527e+05
7.369051097222222015e+05
7.369101118055555271e+05
7.369151083333332790e+05
7.369201097222222015e+05
7.369251159722221782e+05
7.369301131944444496e+05
7.369351131944444496e+05
7.369401111111111240e+05
7.369451138888888527e+05
7.369501145833333721e+05
7.369550715277778218e+05
7.369600729166666279e+05
7.369650722222222248e+05
7.369680687499999767e+05
7.369710708333333023e+05
7.369740729166666279e+05
7.369770729166666279e+05
7.369800749999999534e+05
7.369830729166666279e+05
7.369860729166666279e+05
7.369890722222222248e+05
7.369920715277778218e+05
7.369950701388888992e+05
7.356224965277777519e+05
7.356223499999999767e+05
7.356234895833333721e+05
7.356225916666666744e+05
7.356242812500000000e+05
7.356235576388889458e+05
7.356252770833333489e+05
7.356243659722221782e+05
7.356262777777777519e+05
7.356272770833333489e+05
7.356282791666666744e+05
7.356292805555555969e+05
7.356302777777777519e+05
7.356312798611110775e+05
7.356322791666666744e+05
7.356332791666666744e+05
7.356342777777777519e+05
7.356352784722222714e+05
7.356362750000000233e+05
7.356372826388889225e+05
7.356392784722222714e+05
7.356412770833333489e+05
7.356432784722222714e+05
7.356452833333333256e+05
7.356472812500000000e+05
7.356492763888889458e+05
7.356512812500000000e+05
7.356532784722222714e+05
7.356552798611110775e+05
7.356572798611110775e+05
7.356592805555555969e+05
7.356612791666666744e+05
7.356632756944444263e+05
7.356652756944444263e+05
7.356672833333333256e+05
7.356692798611110775e+05
7.356712791666666744e+05
7.356732791666666744e+05
7.356752798611110775e+05
7.356772805555555969e+05
7.356792840277777286e+05
7.356812750000000233e+05
7.356832791666666744e+05
7.356872798611110775e+05
7.356922791666666744e+05
7.356972868055555737e+05
7.357022791666666744e+05
7.357072770833333489e+05
7.357122826388889225e+05
7.357172736111111008e+05
7.357222798611110775e+05
7.357272805555555969e+05
7.357322395833333721e+05
7.357372354166667210e+05
7.357422416666666977e+05
7.357472381944444496e+05
7.357522368055555271e+05
7.357572347222222015e+05
7.357622347222222015e+05
7.357672375000000466e+05
7.357722340277777985e+05
7.357772409722221782e+05
7.357822409722221782e+05
7.357872416666666977e+05
7.357922340277777985e+05
7.357972340277777985e+05
7.358022347222222015e+05
7.358072361111111240e+05
7.358122395833333721e+05
7.358172388888888527e+05
7.358222333333332790e+05
7.358272416666666977e+05
7.358322354166667210e+05
7.358372409722221782e+05
7.358422416666666977e+05
7.358472354166667210e+05
7.358522375000000466e+05
7.358572333333332790e+05
7.358622375000000466e+05
7.358672375000000466e+05
7.358722340277777985e+05
7.358772333333332790e+05
7.358821958333333023e+05
7.358871930555555737e+05
7.358921944444444962e+05
7.358971965277778218e+05
7.359021944444444962e+05
7.359071923611110542e+05
7.359101944444444962e+05
7.359131937499999767e+05
7.359161979166666279e+05
7.359191937499999767e+05
7.359221965277778218e+05
7.359251965277778218e+05
7.359281923611110542e+05
7.359311916666666511e+05
7.359341965277778218e+05
7.359361951388888992e+05
7.359381958333333023e+05
7.359401965277778218e+05
7.359421937499999767e+05
7.359441902777777286e+05
7.359461951388888992e+05
7.359481923611110542e+05
7.359501965277778218e+05
7.359521534722222714e+05
7.359541527777777519e+05
7.359561513888889458e+05
7.359581506944444263e+05
7.359601520833333489e+05
7.359621576388889225e+05
7.359641520833333489e+05
7.359661520833333489e+05
7.359681562500000000e+05
7.359701534722222714e+05
7.359741534722222714e+05
7.359781527777777519e+05
7.359821541666666744e+05
7.359861520833333489e+05
7.359901562500000000e+05
7.359941562500000000e+05
7.359981576388889225e+05
7.360021569444444031e+05
7.360061583333333256e+05
7.360101534722222714e+05
7.360141534722222714e+05
7.360181548611110775e+05
7.360221541666666744e+05
7.360261541666666744e+05
7.360301500000000233e+05
7.360341548611110775e+05
7.360381534722222714e+05
7.360421562500000000e+05
7.360461520833333489e+05
7.360501145833333721e+05
7.360541125000000466e+05
7.360591131944444496e+05
7.360641152777777752e+05
7.360656138888888527e+05
7.360666131944444496e+05
7.360671125000000466e+05
7.360681104166667210e+05
7.360691111111111240e+05
7.360741125000000466e+05
7.360791104166667210e+05
7.360841125000000466e+05
7.360891145833333721e+05
7.360941083333332790e+05
7.360991097222222015e+05
7.361041076388888760e+05
7.361091055555555504e+05
7.361141118055555271e+05
7.361190722222222248e+05
7.361240708333333023e+05
7.361290694444444962e+05
7.361340680555555737e+05
7.361390597222222714e+05
7.361440625000000000e+05
7.361490638888889225e+05
7.361540694444444962e+05
7.361590708333333023e+05
7.361640736111111473e+05
7.361690625000000000e+05
7.361740673611110542e+05
7.361790708333333023e+05
7.361840715277778218e+05
7.361890645833333256e+05
7.361940749999999534e+05
7.361990777777777985e+05
7.362040638888889225e+05
7.362090694444444962e+05
7.362140666666666511e+05
7.362190708333333023e+05
7.362240715277778218e+05
7.362290715277778218e+05
7.362340687499999767e+05
7.362370625000000000e+05
7.362420687499999767e+05
7.362450715277778218e+05
7.362470694444444962e+05
7.362490729166666279e+05
7.362510701388888992e+05
7.362530729166666279e+05
7.362550729166666279e+05
7.362570743055555504e+05
7.362590236111111008e+05
7.362610291666666744e+05
7.362630326388889225e+05
7.362650312500000000e+05
7.362670326388889225e+05
7.362690270833333489e+05
7.362710236111111008e+05
7.362730319444444031e+05
7.362750270833333489e+05
7.362770270833333489e+05
7.362790215277777752e+05
7.362810284722222714e+05
7.362830298611110775e+05
7.362850277777777519e+05
7.362870312500000000e+05
7.362890284722222714e+05
7.362910270833333489e+05
7.362930333333333256e+05
7.362950243055555038e+05
7.362970284722222714e+05
7.362990326388889225e+05
7.363010291666666744e+05
7.363030298611110775e+05
7.363050277777777519e+05
7.363070340277777286e+05
7.363090305555555969e+05
7.363110312500000000e+05
7.363130270833333489e+05
7.363150312500000000e+05
7.363170298611110775e+05
7.363190354166666511e+05
7.363210312500000000e+05
7.363230291666666744e+05
7.363250277777777519e+05
7.363270250000000233e+05
7.363290298611110775e+05
7.363310194444444496e+05
7.363330270833333489e+05
7.363350243055555038e+05
7.363370361111110542e+05
7.363390298611110775e+05
7.363410291666666744e+05
7.363430326388889225e+05
7.363450284722222714e+05
7.363470326388889225e+05
7.363490381944444962e+05
7.363510312500000000e+05
7.363530347222222481e+05
7.363550333333333256e+05
7.363570340277777286e+05
7.363590291666666744e+05
7.363610277777777519e+05
7.363630270833333489e+05
7.363650319444444031e+05
7.363670312500000000e+05
7.363690298611110775e+05
7.363710312500000000e+05
7.363730256944444263e+05
7.363750291666666744e+05
7.363770326388889225e+05
7.363790291666666744e+05
7.363810284722222714e+05
7.363830319444444031e+05
7.363850284722222714e+05
7.363870333333333256e+05
7.363890131944444729e+05
7.363930277777777519e+05
7.363970298611110775e+05
7.364010326388889225e+05
7.364050270833333489e+05
7.364090312500000000e+05
7.364130326388889225e+05
7.364170312500000000e+05
7.364220319444444031e+05
7.364270277777777519e+05
7.364320354166666511e+05
7.364335312500000000e+05
7.364380277777777519e+05
7.364430298611110775e+05
7.364480305555555969e+05
7.364530319444444031e+05
7.364580250000000233e+05
7.364630243055555038e+05
7.364680256944444263e+05
7.364730305555555969e+05
7.364780250000000233e+05
7.364830326388889225e+05
7.364880305555555969e+05
7.364930326388889225e+05
7.364980319444444031e+05
7.365030291666666744e+05
7.365080291666666744e+05
7.365130291666666744e+05
7.365180326388889225e+05
7.365230277777777519e+05
7.365280256944444263e+05
7.365330291666666744e+05
7.365380277777777519e+05
7.365430291666666744e+05
7.365480340277777286e+05
7.365530298611110775e+05
7.365580312500000000e+05
7.365630291666666744e+05
7.365680284722222714e+05
7.365730298611110775e+05
7.365760312500000000e+05
7.365790333333333256e+05
7.365820305555555969e+05
7.365850340277777286e+05
7.365880298611110775e+05
7.365910326388889225e+05
7.365940312500000000e+05
7.365970305555555969e+05
7.366000319444444031e+05
7.366029881944444496e+05
7.366049888888888527e+05
7.366069881944444496e+05
7.366089902777777752e+05
7.366109875000000466e+05
7.366129895833333721e+05
7.366149847222222015e+05
7.366169902777777752e+05
7.366189875000000466e+05
7.366209923611111008e+05
7.366229902777777752e+05
7.366249888888888527e+05
7.366269868055555271e+05
7.366289895833333721e+05
7.366309888888888527e+05
7.366329902777777752e+05
7.366349881944444496e+05
7.366369888888888527e+05
7.366389895833333721e+05
7.366409888888888527e+05
7.366429895833333721e+05
7.366449881944444496e+05
7.366469916666666977e+05
7.366489881944444496e+05
7.366509875000000466e+05
7.366529888888888527e+05
7.366549888888888527e+05
7.366569895833333721e+05
7.366589909722221782e+05
7.366629888888888527e+05
7.366649888888888527e+05
7.366669868055555271e+05
7.366689937500000233e+05
7.366709916666666977e+05
7.366729902777777752e+05
7.366749902777777752e+05
7.366769909722221782e+05
7.366789909722221782e+05
7.366809895833333721e+05
7.366829923611111008e+05
7.366849930555555038e+05
7.366869937500000233e+05
7.366889895833333721e+05
7.366909888888888527e+05
7.366929923611111008e+05
7.366949951388889458e+05
7.366969937500000233e+05
7.366989951388889458e+05
7.367009993055555969e+05
