7.362574861111111240e+05
7.362566902777777286e+05
7.362582833333333256e+05
7.362590284722222714e+05
7.362602798611110775e+05
7.362615694444444962e+05
7.362622777777777519e+05
7.362630284722222714e+05
7.362642784722222714e+05
7.362655701388888992e+05
7.362662743055555038e+05
7.362670256944444263e+05
7.362682791666666744e+05
7.362695701388888992e+05
7.362702743055555038e+05
7.362709854166667210e+05
7.362732805555555969e+05
7.362755722222222248e+05
7.362772791666666744e+05
7.362789875000000466e+05
7.362812805555555969e+05
7.362835708333333023e+05
7.362852756944444263e+05
7.362869881944444496e+05
7.362892805555555969e+05
7.362916104166667210e+05
7.362932791666666744e+05
7.362949916666666977e+05
7.362972770833333489e+05
7.362996118055555271e+05
7.363012805555555969e+05
7.363029791666666279e+05
7.363052722222221782e+05
7.363076145833333721e+05
7.363092777777777519e+05
7.363109854166667210e+05
7.363132833333333256e+05
7.363156173611111008e+05
7.363172798611110775e+05
7.363189868055555271e+05
7.363212798611110775e+05
7.363236118055555271e+05
7.363252812500000000e+05
7.363269875000000466e+05
7.363289868055555271e+05
7.363333201388888992e+05
7.363355631944444031e+05
7.363373236111111473e+05
7.363390305555555969e+05
7.363413215277778218e+05
7.363435729166666279e+05
7.363453201388888992e+05
7.363470270833333489e+05
7.363493180555555737e+05
7.363515701388888992e+05
7.363533187499999767e+05
7.363550305555555969e+05
7.363573229166666279e+05
7.363595729166666279e+05
7.363613229166666279e+05
7.363630743055555504e+05
7.363653125000000000e+05
7.363675708333333023e+05
7.363693208333333023e+05
7.363710694444444962e+05
7.363733256944444729e+05
7.363755298611110775e+05
7.363773215277778218e+05
7.363790701388888992e+05
7.363813215277778218e+05
7.363835284722222714e+05
7.363853201388888992e+05
7.363870708333333023e+05
7.363893249999999534e+05
7.363935284722222714e+05
7.363973131944444031e+05
7.364011159722221782e+05
7.364053229166666279e+05
7.364094868055555271e+05
7.364133180555555737e+05
7.364171125000000466e+05
7.364211131944444496e+05
7.364263125000000000e+05
7.364314465277778218e+05
7.364368187499999767e+05
7.364418201388888992e+05
7.364468187499999767e+05
7.364511534722222714e+05
7.364562715277777752e+05
7.364613937500000466e+05
7.364662763888889458e+05
7.364711972222222248e+05
7.364762777777777519e+05
7.364814055555555969e+05
7.364862687500000466e+05
7.364911868055555969e+05
7.364962805555555969e+05
7.365012791666666744e+05
7.365062770833333489e+05
7.365112798611110775e+05
7.365163979166666977e+05
7.365212673611111240e+05
7.365262798611110775e+05
7.365311944444444962e+05
7.365362784722222714e+05
7.365414020833333489e+05
7.365462756944444263e+05
7.365511881944444031e+05
7.365562777777777519e+05
7.365614402777777286e+05
7.365662784722222714e+05
7.365711555555555969e+05
7.365762798611110775e+05
7.365794354166666744e+05
7.365822743055555038e+05
7.365851104166667210e+05
7.365882763888889458e+05
7.365914875000000466e+05
7.365942763888889458e+05
7.365971125000000466e+05
7.366002798611110775e+05
7.366032777777777519e+05
7.366054784722222248e+05
7.366072715277777752e+05
7.366090756944444729e+05
7.366112805555555969e+05
7.366134875000000466e+05
7.366152777777777519e+05
7.366170708333333023e+05
7.366190687499999767e+05
7.366212777777777519e+05
7.366232805555555969e+05
7.366255298611110775e+05
7.366272812500000000e+05
7.366290305555555969e+05
7.366312840277777286e+05
7.366335312500000000e+05
7.366352798611110775e+05
7.366370201388888527e+05
7.366392791666666744e+05
7.366415298611110775e+05
7.366432805555555969e+05
7.366450298611110775e+05
7.366472784722222714e+05
7.366495736111111473e+05
7.366512784722222714e+05
7.366530298611110775e+05
7.366552791666666744e+05
7.366575743055555504e+05
7.366592798611110775e+05
7.366610263888889458e+05
7.366632805555555969e+05
7.366655701388888992e+05
7.366672694444444496e+05
7.366712798611110775e+05
7.366735701388888992e+05
7.366752784722222714e+05
7.366769847222222015e+05
7.366792798611110775e+05
7.366815715277778218e+05
7.366832798611110775e+05
7.366849881944444496e+05
7.366872798611110775e+05
7.366896118055555271e+05
7.366912826388889225e+05
7.366929875000000466e+05
7.366952777777777519e+05
7.366976048611111473e+05
7.366992722222221782e+05
7.367009868055555271e+05
7.367032840277777286e+05
7.367055729166666279e+05
7.367072812500000000e+05
7.367090305555555969e+05
7.367112791666666744e+05
7.367135687499999767e+05
7.367152770833333489e+05
7.367170312500000000e+05
7.367192812500000000e+05
7.367215729166666279e+05
7.367232791666666744e+05
7.367250305555555969e+05
7.367272791666666744e+05
7.367295666666666511e+05
7.367312833333333256e+05
7.367330256944444263e+05
7.367352826388889225e+05
7.367375298611110775e+05
7.367392743055555038e+05
7.367410291666666744e+05
7.367432819444444031e+05
7.367455291666666744e+05
7.367472770833333489e+05
7.367490722222222248e+05
7.367512770833333489e+05
7.367534840277777985e+05
7.367552812500000000e+05
7.367590645833333256e+05
7.367632722222221782e+05
7.367674868055555271e+05
7.367712784722222714e+05
7.367750729166666279e+05
7.367792763888889458e+05
7.367834486111111473e+05
7.367872826388889225e+05
7.367921173611111008e+05
7.367972826388889225e+05
7.368024048611110775e+05
7.368072826388889225e+05
7.368121090277777985e+05
7.368172784722222714e+05
7.368223916666667210e+05
7.368272840277777286e+05
7.368321597222222481e+05
7.368372722222221782e+05
7.368422847222222481e+05
7.368474069444444031e+05
7.368522687500000466e+05
7.368572798611110775e+05
7.368621548611110775e+05
7.368672854166666511e+05
7.368723618055555271e+05
7.368772791666666744e+05
7.368821493055555038e+05
7.368872750000000233e+05
7.368924048611110775e+05
7.368972756944444263e+05
7.369021527777777519e+05
7.369072763888889458e+05
7.369172701388888527e+05
7.369221138888888527e+05
7.369272840277777286e+05
7.369324013888889458e+05
7.369372763888889458e+05
7.369421076388888760e+05
7.369452340277777985e+05
7.369484034722222714e+05
7.369512354166667210e+05
7.369540729166666279e+05
7.369572347222222015e+05
7.369604416666666511e+05
7.369632437500000233e+05
7.369660729166666279e+05
7.369692395833333721e+05
7.369714368055555969e+05
7.369732270833333023e+05
7.369750243055555038e+05
7.369772375000000466e+05
7.369794368055555969e+05
7.369812423611111008e+05
7.369832395833333721e+05
7.369850284722222714e+05
7.369872354166667210e+05
7.369894819444444729e+05
7.369912402777777752e+05
7.369929868055555271e+05
7.369952375000000466e+05
7.362574861111111240e+05
7.362566902777777286e+05
7.362582833333333256e+05
7.362590284722222714e+05
7.362602798611110775e+05
7.362615694444444962e+05
7.362622777777777519e+05
7.362630284722222714e+05
7.362642784722222714e+05
7.362655701388888992e+05
7.362662743055555038e+05
7.362670256944444263e+05
7.362682791666666744e+05
7.362695701388888992e+05
7.362702743055555038e+05
7.362709854166667210e+05
7.362732805555555969e+05
7.362755722222222248e+05
7.362772791666666744e+05
7.362789875000000466e+05
7.362812805555555969e+05
7.362835708333333023e+05
7.362852756944444263e+05
7.362869881944444496e+05
7.362892805555555969e+05
7.362916104166667210e+05
7.362932791666666744e+05
7.362949916666666977e+05
7.362972770833333489e+05
7.362996118055555271e+05
7.363012805555555969e+05
7.363029791666666279e+05
7.363052722222221782e+05
7.363076145833333721e+05
7.363092777777777519e+05
7.363109854166667210e+05
7.363132833333333256e+05
7.363156173611111008e+05
7.363172798611110775e+05
7.363189868055555271e+05
7.363212798611110775e+05
7.363236118055555271e+05
7.363252812500000000e+05
7.363269875000000466e+05
7.363289868055555271e+05
7.363333201388888992e+05
7.363355631944444031e+05
7.363373236111111473e+05
7.363390305555555969e+05
7.363413215277778218e+05
7.363435729166666279e+05
7.363453201388888992e+05
7.363470270833333489e+05
7.363493180555555737e+05
7.363515701388888992e+05
7.363533187499999767e+05
7.363550305555555969e+05
7.363573229166666279e+05
7.363595729166666279e+05
7.363613229166666279e+05
7.363630743055555504e+05
7.363653125000000000e+05
7.363675708333333023e+05
7.363693208333333023e+05
7.363710694444444962e+05
7.363733256944444729e+05
7.363755298611110775e+05
7.363773215277778218e+05
7.363790701388888992e+05
7.363813215277778218e+05
7.363835284722222714e+05
7.363853201388888992e+05
7.363870708333333023e+05
7.363893249999999534e+05
7.363935284722222714e+05
7.363973131944444031e+05
7.364011159722221782e+05
7.364053229166666279e+05
7.364094868055555271e+05
7.364133180555555737e+05
7.364171125000000466e+05
7.364211131944444496e+05
7.364263125000000000e+05
7.364314465277778218e+05
7.364368187499999767e+05
7.364418201388888992e+05
7.364468187499999767e+05
7.364511534722222714e+05
7.364562715277777752e+05
7.364613937500000466e+05
7.364662763888889458e+05
7.364711972222222248e+05
7.364762777777777519e+05
7.364814055555555969e+05
7.364862687500000466e+05
7.364911868055555969e+05
7.364962805555555969e+05
7.365012791666666744e+05
7.365062770833333489e+05
7.365112798611110775e+05
7.365163979166666977e+05
7.365212673611111240e+05
7.365262798611110775e+05
7.365311944444444962e+05
7.365362784722222714e+05
7.365414020833333489e+05
7.365462756944444263e+05
7.365511881944444031e+05
7.365562777777777519e+05
7.365614402777777286e+05
7.365662784722222714e+05
7.365711555555555969e+05
7.365762798611110775e+05
7.365794354166666744e+05
7.365822743055555038e+05
7.365851104166667210e+05
7.365882763888889458e+05
7.365914875000000466e+05
7.365942763888889458e+05
7.365971125000000466e+05
7.366002798611110775e+05
7.366032777777777519e+05
7.366054784722222248e+05
7.366072715277777752e+05
7.366090756944444729e+05
7.366112805555555969e+05
7.366134875000000466e+05
7.366152777777777519e+05
7.366170708333333023e+05
7.366190687499999767e+05
7.366212777777777519e+05
7.366232805555555969e+05
7.366255298611110775e+05
7.366272812500000000e+05
7.366290305555555969e+05
7.366312840277777286e+05
7.366335312500000000e+05
7.366352798611110775e+05
7.366370201388888527e+05
7.366392791666666744e+05
7.366415298611110775e+05
7.366432805555555969e+05
7.366450298611110775e+05
7.366472784722222714e+05
7.366495736111111473e+05
7.366512784722222714e+05
7.366530298611110775e+05
7.366552791666666744e+05
7.366575743055555504e+05
7.366592798611110775e+05
7.366610263888889458e+05
7.366632805555555969e+05
7.366655701388888992e+05
7.366672694444444496e+05
7.366712798611110775e+05
7.366735701388888992e+05
7.366752784722222714e+05
7.366769847222222015e+05
7.366792798611110775e+05
7.366815715277778218e+05
7.366832798611110775e+05
7.366849881944444496e+05
7.366872798611110775e+05
7.366896118055555271e+05
7.366912826388889225e+05
7.366929875000000466e+05
7.366952777777777519e+05
7.366976048611111473e+05
7.366992722222221782e+05
7.367009868055555271e+05
7.367032840277777286e+05
7.367055729166666279e+05
7.367072812500000000e+05
7.367090305555555969e+05
7.367112791666666744e+05
7.367135687499999767e+05
7.367152770833333489e+05
7.367170312500000000e+05
7.367192812500000000e+05
7.367215729166666279e+05
7.367232791666666744e+05
7.367250305555555969e+05
7.367272791666666744e+05
7.367295666666666511e+05
7.367312833333333256e+05
7.367330256944444263e+05
7.367352826388889225e+05
7.367375298611110775e+05
7.367392743055555038e+05
7.367410291666666744e+05
7.367432819444444031e+05
7.367455291666666744e+05
7.367472770833333489e+05
7.367490722222222248e+05
7.367512770833333489e+05
7.367534840277777985e+05
7.367552812500000000e+05
7.367590645833333256e+05
7.367632722222221782e+05
7.367674868055555271e+05
7.367712784722222714e+05
7.367750729166666279e+05
7.367792763888889458e+05
7.367834486111111473e+05
7.367872826388889225e+05
7.367921173611111008e+05
7.367972826388889225e+05
7.368024048611110775e+05
7.368072826388889225e+05
7.368121090277777985e+05
7.368172784722222714e+05
7.368223916666667210e+05
7.368272840277777286e+05
7.368321597222222481e+05
7.368372722222221782e+05
7.368422847222222481e+05
7.368474069444444031e+05
7.368522687500000466e+05
7.368572798611110775e+05
7.368621548611110775e+05
7.368672854166666511e+05
7.368723618055555271e+05
7.368772791666666744e+05
7.368821493055555038e+05
7.368872750000000233e+05
7.368924048611110775e+05
7.368972756944444263e+05
7.369021527777777519e+05
7.369072763888889458e+05
7.369172701388888527e+05
7.369221138888888527e+05
7.369272840277777286e+05
7.369324013888889458e+05
7.369372763888889458e+05
7.369421076388888760e+05
7.369452340277777985e+05
7.369484034722222714e+05
7.369512354166667210e+05
7.369540729166666279e+05
7.369572347222222015e+05
7.369604416666666511e+05
7.369632437500000233e+05
7.369660729166666279e+05
7.369692395833333721e+05
7.369714368055555969e+05
7.369732270833333023e+05
7.369750243055555038e+05
7.369772375000000466e+05
7.369794368055555969e+05
7.369812423611111008e+05
7.369832395833333721e+05
7.369850284722222714e+05
7.369872354166667210e+05
7.369894819444444729e+05
7.369912402777777752e+05
7.369929868055555271e+05
7.369952375000000466e+05
7.362574861111111240e+05
7.362566902777777286e+05
7.362582833333333256e+05
7.362590284722222714e+05
7.362602798611110775e+05
7.362615694444444962e+05
7.362622777777777519e+05
7.362630284722222714e+05
7.362642784722222714e+05
7.362655701388888992e+05
7.362662743055555038e+05
7.362670256944444263e+05
7.362682791666666744e+05
7.362695701388888992e+05
7.362702743055555038e+05
7.362709854166667210e+05
7.362732805555555969e+05
7.362755722222222248e+05
7.362772791666666744e+05
7.362789875000000466e+05
7.362812805555555969e+05
7.362835708333333023e+05
7.362852756944444263e+05
7.362869881944444496e+05
7.362892805555555969e+05
7.362916104166667210e+05
7.362932791666666744e+05
7.362949916666666977e+05
7.362972770833333489e+05
7.362996118055555271e+05
7.363012805555555969e+05
7.363029791666666279e+05
7.363052722222221782e+05
7.363076145833333721e+05
7.363092777777777519e+05
7.363109854166667210e+05
7.363132833333333256e+05
7.363156173611111008e+05
7.363172798611110775e+05
7.363189868055555271e+05
7.363212798611110775e+05
7.363236118055555271e+05
7.363252812500000000e+05
7.363269875000000466e+05
7.363289868055555271e+05
7.363333201388888992e+05
7.363355631944444031e+05
7.363373236111111473e+05
7.363390305555555969e+05
7.363413215277778218e+05
7.363435729166666279e+05
7.363453201388888992e+05
7.363470270833333489e+05
7.363493180555555737e+05
7.363515701388888992e+05
7.363533187499999767e+05
7.363550305555555969e+05
7.363573229166666279e+05
7.363595729166666279e+05
7.363613229166666279e+05
7.363630743055555504e+05
7.363653125000000000e+05
7.363675708333333023e+05
7.363693208333333023e+05
7.363710694444444962e+05
7.363733256944444729e+05
7.363755298611110775e+05
7.363773215277778218e+05
7.363790701388888992e+05
7.363813215277778218e+05
7.363835284722222714e+05
7.363853201388888992e+05
7.363870708333333023e+05
7.363893249999999534e+05
7.363935284722222714e+05
7.363973131944444031e+05
7.364011159722221782e+05
7.364053229166666279e+05
7.364094868055555271e+05
7.364133180555555737e+05
7.364171125000000466e+05
7.364211131944444496e+05
7.364263125000000000e+05
7.364314465277778218e+05
7.364368187499999767e+05
7.364418201388888992e+05
7.364468187499999767e+05
7.364511534722222714e+05
7.364562715277777752e+05
7.364613937500000466e+05
7.364662763888889458e+05
7.364711972222222248e+05
7.364762777777777519e+05
7.364814055555555969e+05
7.364862687500000466e+05
7.364911868055555969e+05
7.364962805555555969e+05
7.365012791666666744e+05
7.365062770833333489e+05
7.365112798611110775e+05
7.365163979166666977e+05
7.365212673611111240e+05
7.365262798611110775e+05
7.365311944444444962e+05
7.365362784722222714e+05
7.365414020833333489e+05
7.365462756944444263e+05
7.365511881944444031e+05
7.365562777777777519e+05
7.365614402777777286e+05
7.365662784722222714e+05
7.365711555555555969e+05
7.365762798611110775e+05
7.365794354166666744e+05
7.365822743055555038e+05
7.365851104166667210e+05
7.365882763888889458e+05
7.365914875000000466e+05
7.365942763888889458e+05
7.365971125000000466e+05
7.366002798611110775e+05
7.366032777777777519e+05
7.366054784722222248e+05
7.366072715277777752e+05
7.366090756944444729e+05
7.366112805555555969e+05
7.366134875000000466e+05
7.366152777777777519e+05
7.366170708333333023e+05
7.366190687499999767e+05
7.366212777777777519e+05
7.366232805555555969e+05
7.366255298611110775e+05
7.366272812500000000e+05
7.366290305555555969e+05
7.366312840277777286e+05
7.366335312500000000e+05
7.366352798611110775e+05
7.366370201388888527e+05
7.366392791666666744e+05
7.366415298611110775e+05
7.366432805555555969e+05
7.366450298611110775e+05
7.366472784722222714e+05
7.366495736111111473e+05
7.366512784722222714e+05
7.366530298611110775e+05
7.366552791666666744e+05
7.366575743055555504e+05
7.366592798611110775e+05
7.366610263888889458e+05
7.366632805555555969e+05
7.366655701388888992e+05
7.366672694444444496e+05
7.366712798611110775e+05
7.366735701388888992e+05
7.366752784722222714e+05
7.366769847222222015e+05
7.366792798611110775e+05
7.366815715277778218e+05
7.366832798611110775e+05
7.366849881944444496e+05
7.366872798611110775e+05
7.366896118055555271e+05
7.366912826388889225e+05
7.366929875000000466e+05
7.366952777777777519e+05
7.366976048611111473e+05
7.366992722222221782e+05
7.367009868055555271e+05
7.367032840277777286e+05
7.367055729166666279e+05
7.367072812500000000e+05
7.367090305555555969e+05
7.367112791666666744e+05
7.367135687499999767e+05
7.367152770833333489e+05
7.367170312500000000e+05
7.367192812500000000e+05
7.367215729166666279e+05
7.367232791666666744e+05
7.367250305555555969e+05
7.367272791666666744e+05
7.367295666666666511e+05
7.367312833333333256e+05
7.367330256944444263e+05
7.367352826388889225e+05
7.367375298611110775e+05
7.367392743055555038e+05
7.367410291666666744e+05
7.367432819444444031e+05
7.367455291666666744e+05
7.367472770833333489e+05
7.367490722222222248e+05
7.367512770833333489e+05
7.367534840277777985e+05
7.367552812500000000e+05
7.367590645833333256e+05
7.367632722222221782e+05
7.367674868055555271e+05
7.367712784722222714e+05
7.367750729166666279e+05
7.367792763888889458e+05
7.367834486111111473e+05
7.367872826388889225e+05
7.367921173611111008e+05
7.367972826388889225e+05
7.368024048611110775e+05
7.368072826388889225e+05
7.368121090277777985e+05
7.368172784722222714e+05
7.368223916666667210e+05
7.368272840277777286e+05
7.368321597222222481e+05
7.368372722222221782e+05
7.368422847222222481e+05
7.368474069444444031e+05
7.368522687500000466e+05
7.368572798611110775e+05
7.368621548611110775e+05
7.368672854166666511e+05
7.368723618055555271e+05
7.368772791666666744e+05
7.368821493055555038e+05
7.368872750000000233e+05
7.368924048611110775e+05
7.368972756944444263e+05
7.369021527777777519e+05
7.369072763888889458e+05
7.369172701388888527e+05
7.369221138888888527e+05
7.369272840277777286e+05
7.369324013888889458e+05
7.369372763888889458e+05
7.369421076388888760e+05
7.369452340277777985e+05
7.369484034722222714e+05
7.369512354166667210e+05
7.369540729166666279e+05
7.369572347222222015e+05
7.369604416666666511e+05
7.369632437500000233e+05
7.369660729166666279e+05
7.369692395833333721e+05
7.369714368055555969e+05
7.369732270833333023e+05
7.369750243055555038e+05
7.369772375000000466e+05
7.369794368055555969e+05
7.369812423611111008e+05
7.369832395833333721e+05
7.369850284722222714e+05
7.369872354166667210e+05
7.369894819444444729e+05
7.369912402777777752e+05
7.369929868055555271e+05
7.369952375000000466e+05
7.362574861111111240e+05
7.362566902777777286e+05
7.362582833333333256e+05
7.362590284722222714e+05
7.362602798611110775e+05
7.362615694444444962e+05
7.362622777777777519e+05
7.362630284722222714e+05
7.362642784722222714e+05
7.362655701388888992e+05
7.362662743055555038e+05
7.362670256944444263e+05
7.362682791666666744e+05
7.362695701388888992e+05
7.362702743055555038e+05
7.362709854166667210e+05
7.362732805555555969e+05
7.362755722222222248e+05
7.362772791666666744e+05
7.362789875000000466e+05
7.362812805555555969e+05
7.362835708333333023e+05
7.362852756944444263e+05
7.362869881944444496e+05
7.362892805555555969e+05
7.362916104166667210e+05
7.362932791666666744e+05
7.362949916666666977e+05
7.362972770833333489e+05
7.362996118055555271e+05
7.363012805555555969e+05
7.363029791666666279e+05
7.363052722222221782e+05
7.363076145833333721e+05
7.363092777777777519e+05
7.363109854166667210e+05
7.363132833333333256e+05
7.363156173611111008e+05
7.363172798611110775e+05
7.363189868055555271e+05
7.363212798611110775e+05
7.363236118055555271e+05
7.363252812500000000e+05
7.363269875000000466e+05
7.363289868055555271e+05
7.363333201388888992e+05
7.363355631944444031e+05
7.363373236111111473e+05
7.363390305555555969e+05
7.363413215277778218e+05
7.363435729166666279e+05
7.363453201388888992e+05
7.363470270833333489e+05
7.363493180555555737e+05
7.363515701388888992e+05
7.363533187499999767e+05
7.363550305555555969e+05
7.363573229166666279e+05
7.363595729166666279e+05
7.363613229166666279e+05
7.363630743055555504e+05
7.363653125000000000e+05
7.363675708333333023e+05
7.363693208333333023e+05
7.363710694444444962e+05
7.363733256944444729e+05
7.363755298611110775e+05
7.363773215277778218e+05
7.363790701388888992e+05
7.363813215277778218e+05
7.363835284722222714e+05
7.363853201388888992e+05
7.363870708333333023e+05
7.363893249999999534e+05
7.363935284722222714e+05
7.363973131944444031e+05
7.364011159722221782e+05
7.364053229166666279e+05
7.364094868055555271e+05
7.364133180555555737e+05
7.364171125000000466e+05
7.364211131944444496e+05
7.364263125000000000e+05
7.364314465277778218e+05
7.364368187499999767e+05
7.364418201388888992e+05
7.364468187499999767e+05
7.364511534722222714e+05
7.364562715277777752e+05
7.364613937500000466e+05
7.364662763888889458e+05
7.364711972222222248e+05
7.364762777777777519e+05
7.364814055555555969e+05
7.364862687500000466e+05
7.364911868055555969e+05
7.364962805555555969e+05
7.365012791666666744e+05
7.365062770833333489e+05
7.365112798611110775e+05
7.365163979166666977e+05
7.365212673611111240e+05
7.365262798611110775e+05
7.365311944444444962e+05
7.365362784722222714e+05
7.365414020833333489e+05
7.365462756944444263e+05
7.365511881944444031e+05
7.365562777777777519e+05
7.365614402777777286e+05
7.365662784722222714e+05
7.365711555555555969e+05
7.365762798611110775e+05
7.365794354166666744e+05
7.365822743055555038e+05
7.365851104166667210e+05
7.365882763888889458e+05
7.365914875000000466e+05
7.365942763888889458e+05
7.365971125000000466e+05
7.366002798611110775e+05
7.366032777777777519e+05
7.366054784722222248e+05
7.366072715277777752e+05
7.366090756944444729e+05
7.366112805555555969e+05
7.366134875000000466e+05
7.366152777777777519e+05
7.366170708333333023e+05
7.366190687499999767e+05
7.366212777777777519e+05
7.366232805555555969e+05
7.366255298611110775e+05
7.366272812500000000e+05
7.366290305555555969e+05
7.366312840277777286e+05
7.366335312500000000e+05
7.366352798611110775e+05
7.366370201388888527e+05
7.366392791666666744e+05
7.366415298611110775e+05
7.366432805555555969e+05
7.366450298611110775e+05
7.366472784722222714e+05
7.366495736111111473e+05
7.366512784722222714e+05
7.366530298611110775e+05
7.366552791666666744e+05
7.366575743055555504e+05
7.366592798611110775e+05
7.366610263888889458e+05
7.366632805555555969e+05
7.366655701388888992e+05
7.366672694444444496e+05
7.366712798611110775e+05
7.366735701388888992e+05
7.366752784722222714e+05
7.366769847222222015e+05
7.366792798611110775e+05
7.366815715277778218e+05
7.366832798611110775e+05
7.366849881944444496e+05
7.366872798611110775e+05
7.366896118055555271e+05
7.366912826388889225e+05
7.366929875000000466e+05
7.366952777777777519e+05
7.366976048611111473e+05
7.366992722222221782e+05
7.367009868055555271e+05
7.367032840277777286e+05
7.367055729166666279e+05
7.367072812500000000e+05
7.367090305555555969e+05
7.367112791666666744e+05
7.367135687499999767e+05
7.367152770833333489e+05
7.367170312500000000e+05
7.367192812500000000e+05
7.367215729166666279e+05
7.367232791666666744e+05
7.367250305555555969e+05
7.367272791666666744e+05
7.367295666666666511e+05
7.367312833333333256e+05
7.367330256944444263e+05
7.367352826388889225e+05
7.367375298611110775e+05
7.367392743055555038e+05
7.367410291666666744e+05
7.367432819444444031e+05
7.367455291666666744e+05
7.367472770833333489e+05
7.367490722222222248e+05
7.367512770833333489e+05
7.367534840277777985e+05
7.367552812500000000e+05
7.367590645833333256e+05
7.367632722222221782e+05
7.367674868055555271e+05
7.367712784722222714e+05
7.367750729166666279e+05
7.367792763888889458e+05
7.367834486111111473e+05
7.367872826388889225e+05
7.367921173611111008e+05
7.367972826388889225e+05
7.368024048611110775e+05
7.368072826388889225e+05
7.368121090277777985e+05
7.368172784722222714e+05
7.368223916666667210e+05
7.368272840277777286e+05
7.368321597222222481e+05
7.368372722222221782e+05
7.368422847222222481e+05
7.368474069444444031e+05
7.368522687500000466e+05
7.368572798611110775e+05
7.368621548611110775e+05
7.368672854166666511e+05
7.368723618055555271e+05
7.368772791666666744e+05
7.368821493055555038e+05
7.368872750000000233e+05
7.368924048611110775e+05
7.368972756944444263e+05
7.369021527777777519e+05
7.369072763888889458e+05
7.369172701388888527e+05
7.369221138888888527e+05
7.369272840277777286e+05
7.369324013888889458e+05
7.369372763888889458e+05
7.369421076388888760e+05
7.369452340277777985e+05
7.369484034722222714e+05
7.369512354166667210e+05
7.369540729166666279e+05
7.369572347222222015e+05
7.369604416666666511e+05
7.369632437500000233e+05
7.369660729166666279e+05
7.369692395833333721e+05
7.369714368055555969e+05
7.369732270833333023e+05
7.369750243055555038e+05
7.369772375000000466e+05
7.369794368055555969e+05
7.369812423611111008e+05
7.369832395833333721e+05
7.369850284722222714e+05
7.369872354166667210e+05
7.369894819444444729e+05
7.369912402777777752e+05
7.369929868055555271e+05
7.369952375000000466e+05
