-48.805055
-48.805055
-48.805055
-48.805055
-48.805055
-48.7942516666667
-48.7942516666667
-48.7942516666667
-48.7942516666667
-48.7942516666667
-48.8036833333333
-48.8036833333333
-48.8036833333333
-48.8036833333333
-48.8036833333333
-48.804875
-48.804875
-48.804875
-48.804875
-48.804875
-48.7977983333333
-48.7977983333333
-48.7977983333333
-48.7977983333333
-48.8040983333333
-48.8040983333333
-48.8040983333333
-48.8040983333333
-48.8040983333333
-48.7766533333333
-48.7766533333333
-48.7766533333333
-48.7766533333333
-48.7766533333333
-48.79686
-48.79686
-48.79686
-48.79686
-48.79686
-48.7448833333333
-48.7448833333333
-48.7448833333333
-48.7448833333333
-48.7305516666667
-48.7305516666667
-48.7305516666667
-48.7305516666667
-48.7305516666667
-48.72314
-48.72314
-48.72314
-48.72314
-48.72314
-48.7199366666667
-48.7199366666667
-48.7199366666667
-48.7199366666667
-48.7199366666667
-48.711775
-48.711775
-48.711775
-48.711775
-48.711775
-48.72257
-48.72257
-48.72257
-48.72257
-48.72257
-48.713695
-48.713695
-48.713695
-48.713695
-48.713695
-48.7104083333333
-48.7104083333333
-48.7104083333333
-48.7104083333333
-48.7104083333333
-48.6969716666667
-48.6969716666667
-48.6969716666667
-48.6969716666667
-48.6969716666667
-48.698505
-48.698505
-48.698505
-48.698505
-48.698505
-48.6868566666667
-48.6868566666667
-48.6868566666667
-48.6868566666667
-48.6868566666667
-48.6608933333333
-48.6608933333333
-48.6608933333333
-48.6608933333333
-48.6608933333333
-48.6373316666667
-48.6091966666667
-48.6091966666667
-48.6091966666667
-48.6091966666667
-48.6091966666667
-48.53529
-48.53529
-48.53529
-48.53529
-48.53529
-48.4641116666667
-48.4641116666667
-48.4641116666667
-48.4641116666667
-48.4641116666667
-48.3824433333333
-48.3824433333333
-48.3824433333333
-48.3824433333333
-48.3824433333333
-48.3164516666667
-48.3164516666667
-48.3164516666667
-48.3164516666667
-48.3164516666667
-48.2749483333333
-48.2749483333333
-48.2749483333333
-48.2749483333333
-48.2749483333333
-48.23912
-48.23912
-48.23912
-48.23912
-48.23912
-48.229405
-48.229405
-48.229405
-48.229405
-48.229405
-48.2378183333333
-48.2378183333333
-48.2378183333333
-48.2378183333333
-48.2378183333333
-48.2912466666667
-48.2912466666667
-48.2912466666667
-48.2912466666667
-48.2912466666667
-48.3710683333333
-48.3710683333333
-48.3710683333333
-48.3710683333333
-48.3710683333333
-48.4468333333333
-48.4468333333333
-48.4468333333333
-48.4468333333333
-48.4468333333333
-48.5033033333333
-48.5033033333333
-48.5033033333333
-48.5033033333333
-48.5033033333333
-48.5285633333333
-48.5285633333333
-48.5285633333333
-48.5285633333333
-48.5285633333333
-48.445845
-48.445845
-48.445845
-48.445845
-48.445845
-48.2656516666667
-48.2656516666667
-48.2656516666667
-48.2656516666667
-48.2656516666667
-48.1105383333333
-48.1105383333333
-48.1105383333333
-48.1105383333333
-48.1105383333333
-48.0010633333333
-48.0010633333333
-48.0010633333333
-48.0010633333333
-48.0010633333333
-47.82511
-47.82511
-47.82511
-47.82511
-47.82511
-47.76618
-47.76618
-47.76618
-47.76618
-47.76618
-47.6595383333333
-47.6595383333333
-47.6595383333333
-47.6595383333333
-47.6595383333333
-47.65344
-47.65344
-47.65344
-47.65344
-47.65344
-47.5782166666667
-47.5782166666667
-47.5782166666667
-47.5782166666667
-47.5782166666667
-47.5328716666667
-47.43868
-47.43868
-47.43868
-47.43868
-47.43868
-47.3859233333333
-47.3859233333333
-47.3859233333333
-47.3859233333333
-47.3859233333333
-48.8152366666667
-48.8152366666667
-48.8152366666667
-48.8152366666667
-48.8152366666667
-49.7613366666667
-49.7613366666667
-49.7613366666667
-49.7613366666667
-49.7613366666667
-50.9112366666667
-50.9112366666667
-50.9112366666667
-50.9112366666667
-50.9112366666667
-50.8970783333333
-50.8970783333333
-50.8970783333333
-50.8970783333333
-50.8970783333333
-50.1987883333333
-50.1987883333333
-50.1987883333333
-50.1987883333333
-50.1987883333333
-51.0734583333333
-51.0734583333333
-51.0734583333333
-51.0734583333333
-51.0734583333333
-50.7317866666667
-50.7317866666667
-50.7317866666667
-50.7317866666667
-50.7317866666667
-50.270615
-50.270615
-50.270615
-50.270615
-50.270615
-49.929805
-49.929805
-49.929805
-49.929805
-49.929805
-49.6272516666667
-49.6272516666667
-49.6272516666667
-49.6272516666667
-49.6272516666667
-49.3303266666667
-49.3303266666667
-49.3303266666667
-49.3303266666667
-49.3303266666667
-48.9517416666667
-48.9517416666667
-48.9517416666667
-48.9517416666667
-48.9517416666667
-48.5969033333333
-48.5969033333333
-48.5969033333333
-48.5969033333333
-48.5969033333333
-48.88588
-48.88588
-48.88588
-48.88588
-48.88588
-49.279205
-49.279205
-49.279205
-49.279205
-49.279205
-49.211785
-49.211785
-49.211785
-49.211785
-49.211785
-48.65576
-48.65576
-48.65576
-48.65576
-48.65576
-47.5588283333333
-47.5588283333333
-47.5588283333333
-47.5588283333333
-47.5588283333333
-46.6614166666667
-46.6614166666667
-46.6614166666667
-46.6614166666667
-46.6614166666667
-46.4912383333333
-46.4912383333333
-46.4912383333333
-46.4912383333333
-46.4912383333333
-46.83373
-46.83373
-46.83373
-46.83373
-46.8708033333333
-46.8708033333333
-46.8708033333333
-46.8708033333333
-46.8708033333333
-46.91743
-46.91743
-46.91743
-46.91743
-46.91743
-47.0240566666667
-47.0240566666667
-47.0240566666667
-47.0240566666667
-47.0240566666667
-46.9350433333333
-46.9350433333333
-46.9350433333333
-46.9350433333333
