72.400995
72.400995
72.400995
72.400995
72.400995
72.37208
72.37208
72.37208
72.37208
72.37208
72.4521766666667
72.4521766666667
72.4521766666667
72.4521766666667
72.4521766666667
72.4062933333333
72.4062933333333
72.4062933333333
72.4062933333333
72.4062933333333
72.4820816666667
72.4820816666667
72.4820816666667
72.4820816666667
72.458725
72.458725
72.458725
72.458725
72.458725
72.4975666666667
72.4975666666667
72.4975666666667
72.4975666666667
72.4975666666667
72.4843216666667
72.4843216666667
72.4843216666667
72.4843216666667
72.4843216666667
72.5504533333333
72.5504533333333
72.5504533333333
72.5504533333333
72.627835
72.627835
72.627835
72.627835
72.627835
72.6766316666667
72.6766316666667
72.6766316666667
72.6766316666667
72.6766316666667
72.719345
72.719345
72.719345
72.719345
72.719345
72.738595
72.738595
72.738595
72.738595
72.738595
72.7606283333333
72.7606283333333
72.7606283333333
72.7606283333333
72.7606283333333
72.7553116666667
72.7553116666667
72.7553116666667
72.7553116666667
72.7553116666667
72.7735216666667
72.7735216666667
72.7735216666667
72.7735216666667
72.7735216666667
72.775995
72.775995
72.775995
72.775995
72.775995
72.7989133333333
72.7989133333333
72.7989133333333
72.7989133333333
72.7989133333333
72.7997816666667
72.7997816666667
72.7997816666667
72.7997816666667
72.7997816666667
72.8226533333333
72.8226533333333
72.8226533333333
72.8226533333333
72.8226533333333
72.8349833333333
72.84686
72.84686
72.84686
72.84686
72.84686
72.85939
72.85939
72.85939
72.85939
72.85939
72.87495
72.87495
72.87495
72.87495
72.87495
72.90991
72.90991
72.90991
72.90991
72.90991
72.9655983333333
72.9655983333333
72.9655983333333
72.9655983333333
72.9655983333333
73.0562533333333
73.0562533333333
73.0562533333333
73.0562533333333
73.0562533333333
73.2309216666667
73.2309216666667
73.2309216666667
73.2309216666667
73.2309216666667
73.4081383333333
73.4081383333333
73.4081383333333
73.4081383333333
73.4081383333333
73.5850383333333
73.5850383333333
73.5850383333333
73.5850383333333
73.5850383333333
73.8002933333333
73.8002933333333
73.8002933333333
73.8002933333333
73.8002933333333
73.9896033333333
73.9896033333333
73.9896033333333
73.9896033333333
73.9896033333333
74.1640566666667
74.1640566666667
74.1640566666667
74.1640566666667
74.1640566666667
74.3766
74.3766
74.3766
74.3766
74.3766
74.4663033333333
74.4663033333333
74.4663033333333
74.4663033333333
74.4663033333333
74.4786083333333
74.4786083333333
74.4786083333333
74.4786083333333
74.4786083333333
74.35308
74.35308
74.35308
74.35308
74.35308
74.1858
74.1858
74.1858
74.1858
74.1858
74.2019533333333
74.2019533333333
74.2019533333333
74.2019533333333
74.2019533333333
74.512695
74.512695
74.512695
74.512695
74.512695
75.0881866666667
75.0881866666667
75.0881866666667
75.0881866666667
75.0881866666667
75.3555133333333
75.3555133333333
75.3555133333333
75.3555133333333
75.3555133333333
75.4979383333333
75.4979383333333
75.4979383333333
75.4979383333333
75.4979383333333
75.7922383333333
75.7922383333333
75.7922383333333
75.7922383333333
75.7922383333333
76.0331316666667
76.502735
76.502735
76.502735
76.502735
76.502735
77.9949633333333
77.9949633333333
77.9949633333333
77.9949633333333
77.9949633333333
77.61516
77.61516
77.61516
77.61516
77.61516
77.9999533333333
77.9999533333333
77.9999533333333
77.9999533333333
77.9999533333333
77.5972433333333
77.5972433333333
77.5972433333333
77.5972433333333
77.5972433333333
78.9681766666667
78.9681766666667
78.9681766666667
78.9681766666667
78.9681766666667
81.11793
81.11793
81.11793
81.11793
81.11793
82.6962716666667
82.6962716666667
82.6962716666667
82.6962716666667
82.6962716666667
84.7905516666667
84.7905516666667
84.7905516666667
84.7905516666667
84.7905516666667
85.4122666666667
85.4122666666667
85.4122666666667
85.4122666666667
85.4122666666667
84.9207633333333
84.9207633333333
84.9207633333333
84.9207633333333
84.9207633333333
84.6326316666667
84.6326316666667
84.6326316666667
84.6326316666667
84.6326316666667
84.64325
84.64325
84.64325
84.64325
84.64325
84.7270083333333
84.7270083333333
84.7270083333333
84.7270083333333
84.7270083333333
85.2952783333333
85.2952783333333
85.2952783333333
85.2952783333333
85.2952783333333
86.3941816666667
86.3941816666667
86.3941816666667
86.3941816666667
86.3941816666667
86.88961
86.88961
86.88961
86.88961
86.88961
87.47976
87.47976
87.47976
87.47976
87.47976
89.004525
89.004525
89.004525
89.004525
89.004525
89.0618883333333
89.0618883333333
89.0618883333333
89.0618883333333
89.0618883333333
88.8883233333333
88.8883233333333
88.8883233333333
88.8883233333333
88.8883233333333
89.6172166666667
89.6172166666667
89.6172166666667
89.6172166666667
89.6172166666667
89.7406383333333
89.7406383333333
89.7406383333333
89.7406383333333
89.3778216666667
89.3778216666667
89.3778216666667
89.3778216666667
89.3778216666667
89.2838516666667
89.2838516666667
89.2838516666667
89.2838516666667
89.2838516666667
89.2506383333333
89.2506383333333
89.2506383333333
89.2506383333333
89.2506383333333
89.2466566666667
89.2466566666667
89.2466566666667
89.2466566666667
