-52.4273433333333
-52.4273433333333
-52.4273433333333
-52.4273433333333
-52.4273433333333
-52.4721916666667
-52.4721916666667
-52.4721916666667
-52.4721916666667
-52.4721916666667
-52.40352
-52.40352
-52.40352
-52.40352
-52.40352
-52.3977833333333
-52.3977833333333
-52.3977833333333
-52.3977833333333
-52.3977833333333
-52.3796516666667
-52.3796516666667
-52.3796516666667
-52.3796516666667
-52.3796516666667
-52.3633666666667
-52.3633666666667
-52.3633666666667
-52.3633666666667
-52.3633666666667
-52.34506
-52.34506
-52.34506
-52.34506
-52.34506
-52.34506
-52.3172316666667
-52.3172316666667
-52.3172316666667
-52.3172316666667
-52.3172316666667
-52.2841383333333
-52.2841383333333
-52.2841383333333
-52.2841383333333
-52.2841383333333
-52.2676533333333
-52.2676533333333
-52.2676533333333
-52.2676533333333
-52.2676533333333
-52.2565266666667
-52.2565266666667
-52.2565266666667
-52.2565266666667
-52.2565266666667
-52.2449033333333
-52.2449033333333
-52.2449033333333
-52.2449033333333
-52.2449033333333
-52.2449033333333
-52.250105
-52.250105
-52.250105
-52.250105
-52.250105
-52.250105
-52.2306683333333
-52.2306683333333
-52.2306683333333
-52.2306683333333
-52.2306683333333
-52.2306683333333
-52.2454966666667
-52.2454966666667
-52.2454966666667
-52.2454966666667
-52.2454966666667
-52.2454966666667
-52.2327433333333
-52.2327433333333
-52.2327433333333
-52.2327433333333
-52.2327433333333
-52.22271
-52.22271
-52.22271
-52.22271
-52.22271
-52.22271
-52.215095
-52.215095
-52.215095
-52.215095
-52.215095
-52.2025533333333
-52.2025533333333
-52.2025533333333
-52.2025533333333
-52.2025533333333
-52.2190916666667
-52.2190916666667
-52.2190916666667
-52.2190916666667
-52.2190916666667
-52.2317983333333
-52.2317983333333
-52.2317983333333
-52.2317983333333
-52.2317983333333
-52.2309733333333
-52.2309733333333
-52.2309733333333
-52.2309733333333
-52.2309733333333
-52.25028
-52.25028
-52.25028
-52.25028
-52.25028
-52.2594416666667
-52.2594416666667
-52.2594416666667
-52.2594416666667
-52.2594416666667
-52.2812633333333
-52.2812633333333
-52.2812633333333
-52.2812633333333
-52.2812633333333
-52.296205
-52.296205
-52.296205
-52.296205
-52.296205
-52.3122583333333
-52.3122583333333
-52.3122583333333
-52.3122583333333
-52.3122583333333
-52.3424983333333
-52.3424983333333
-52.3424983333333
-52.3424983333333
-52.3424983333333
-52.3951233333333
-52.3951233333333
-52.3951233333333
-52.3951233333333
-52.3951233333333
-52.4619166666667
-52.4619166666667
-52.4619166666667
-52.4619166666667
-52.5172916666667
-52.5172916666667
-52.5172916666667
-52.5172916666667
-52.5172916666667
-52.5613416666667
-52.5613416666667
-52.5613416666667
-52.5613416666667
-52.5613416666667
-52.6141066666667
-52.6141066666667
-52.6141066666667
-52.6141066666667
-52.6141066666667
-52.6661133333333
-52.6661133333333
-52.6661133333333
-52.6661133333333
-52.6661133333333
-52.7030566666667
-52.7030566666667
-52.7030566666667
-52.7030566666667
-52.7030566666667
-52.7459166666667
-52.7459166666667
-52.7459166666667
-52.7459166666667
-52.7459166666667
-52.80314
-52.80314
-52.80314
-52.80314
-52.80314
-52.86556
-52.86556
-52.86556
-52.86556
-52.86556
-52.9223233333333
-52.9223233333333
-52.9223233333333
-52.9223233333333
-52.9223233333333
-52.9705216666667
-52.9705216666667
-52.9705216666667
-52.9705216666667
-52.9705216666667
-53.0571266666667
-53.0571266666667
-53.0571266666667
-53.0571266666667
-53.0571266666667
-53.1266916666667
-53.1266916666667
-53.1266916666667
-53.1266916666667
-53.1266916666667
-53.166105
-53.166105
-53.166105
-53.166105
-53.166105
-53.2274833333333
-53.2274833333333
-53.2274833333333
-53.2274833333333
-53.2274833333333
-53.2926
-53.2926
-53.2926
-53.2926
-53.2926
-53.408295
-53.408295
-53.408295
-53.408295
-53.408295
-53.451745
-53.451745
-53.451745
-53.451745
-53.451745
-53.4920266666667
-53.4920266666667
-53.4920266666667
-53.4920266666667
-53.4920266666667
-53.526925
-53.526925
-53.526925
-53.526925
-53.526925
-53.56372
-53.56372
-53.56372
-53.56372
-53.56372
-53.5737383333333
-53.5737383333333
