66.9867816666667
66.9867816666667
66.9867816666667
66.9867816666667
66.9867816666667
66.9922133333333
66.9922133333333
66.9922133333333
66.9922133333333
66.9922133333333
66.94553
66.94553
66.94553
66.94553
66.94553
66.9618916666667
66.9618916666667
66.9618916666667
66.9618916666667
66.9618916666667
66.9524433333333
66.9524433333333
66.9524433333333
66.9524433333333
66.9524433333333
66.990555
66.990555
66.990555
66.990555
66.990555
67.022285
67.022285
67.022285
67.022285
67.022285
67.022285
67.0471316666667
67.0471316666667
67.0471316666667
67.0471316666667
67.0471316666667
67.0497533333333
67.0497533333333
67.0497533333333
67.0497533333333
67.0497533333333
67.0550666666667
67.0550666666667
67.0550666666667
67.0550666666667
67.0550666666667
67.0689883333333
67.0689883333333
67.0689883333333
67.0689883333333
67.0689883333333
67.0489583333333
67.0489583333333
67.0489583333333
67.0489583333333
67.0489583333333
67.0489583333333
67.062195
67.062195
67.062195
67.062195
67.062195
67.062195
67.1007433333333
67.1007433333333
67.1007433333333
67.1007433333333
67.1007433333333
67.1007433333333
67.109535
67.109535
67.109535
67.109535
67.109535
67.109535
67.1473283333333
67.1473283333333
67.1473283333333
67.1473283333333
67.1473283333333
67.15282
67.15282
67.15282
67.15282
67.15282
67.15282
67.2024566666667
67.2024566666667
67.2024566666667
67.2024566666667
67.2024566666667
67.2433733333333
67.2433733333333
67.2433733333333
67.2433733333333
67.2433733333333
67.3153016666667
67.3153016666667
67.3153016666667
67.3153016666667
67.3153016666667
67.444385
67.444385
67.444385
67.444385
67.444385
67.5379566666667
67.5379566666667
67.5379566666667
67.5379566666667
67.5379566666667
67.63463
67.63463
67.63463
67.63463
67.63463
67.68502
67.68502
67.68502
67.68502
67.68502
67.773625
67.773625
67.773625
67.773625
67.773625
67.873
67.873
67.873
67.873
67.873
67.9702433333333
67.9702433333333
67.9702433333333
67.9702433333333
67.9702433333333
68.0577316666667
68.0577316666667
68.0577316666667
68.0577316666667
68.0577316666667
68.1314183333333
68.1314183333333
68.1314183333333
68.1314183333333
68.1314183333333
68.1618116666667
68.1618116666667
68.1618116666667
68.1618116666667
68.1927883333333
68.1927883333333
68.1927883333333
68.1927883333333
68.1927883333333
68.2136983333333
68.2136983333333
68.2136983333333
68.2136983333333
68.2136983333333
68.2165733333333
68.2165733333333
68.2165733333333
68.2165733333333
68.2165733333333
68.2194
68.2194
68.2194
68.2194
68.2194
68.2253816666667
68.2253816666667
68.2253816666667
68.2253816666667
68.2253816666667
68.1861333333333
68.1861333333333
68.1861333333333
68.1861333333333
68.1861333333333
68.1531683333333
68.1531683333333
68.1531683333333
68.1531683333333
68.1531683333333
68.1139933333333
68.1139933333333
68.1139933333333
68.1139933333333
68.1139933333333
68.0897966666667
68.0897966666667
68.0897966666667
68.0897966666667
68.0897966666667
68.0564116666667
68.0564116666667
68.0564116666667
68.0564116666667
68.0564116666667
67.9938666666667
67.9938666666667
67.9938666666667
67.9938666666667
67.9938666666667
67.954645
67.954645
67.954645
67.954645
67.954645
67.9354216666667
67.9354216666667
67.9354216666667
67.9354216666667
67.9354216666667
67.88915
67.88915
67.88915
67.88915
67.88915
67.848165
67.848165
67.848165
67.848165
67.848165
67.7826233333333
67.7826233333333
67.7826233333333
67.7826233333333
67.7826233333333
67.761405
67.761405
67.761405
67.761405
67.761405
67.7177616666667
67.7177616666667
67.7177616666667
67.7177616666667
67.7177616666667
67.6832783333333
67.6832783333333
67.6832783333333
67.6832783333333
67.6832783333333
67.6602816666667
67.6602816666667
67.6602816666667
67.6602816666667
67.6602816666667
67.6468166666667
67.6468166666667
