2016,10,20,11,40
2016,10,19,16,34
2016,10,21,06,48
2016,10,22,00,41
2016,10,23,06,43
2016,10,24,13,40
2016,10,25,06,40
2016,10,26,00,41
2016,10,27,06,41
2016,10,28,13,41
2016,10,29,06,35
2016,10,30,00,37
2016,10,31,06,42
2016,11,01,13,41
2016,11,02,06,35
2016,11,02,23,39
2016,11,05,06,44
2016,11,07,13,44
2016,11,09,06,42
2016,11,10,23,42
2016,11,13,06,44
2016,11,15,13,42
2016,11,17,06,37
2016,11,18,23,43
2016,11,21,06,44
2016,11,23,14,39
2016,11,25,06,42
2016,11,26,23,48
2016,11,29,06,39
2016,12,01,14,41
2016,12,03,06,44
2016,12,04,23,30
2016,12,07,06,32
2016,12,09,14,45
2016,12,11,06,40
2016,12,12,23,39
2016,12,15,06,48
2016,12,17,14,49
2016,12,19,06,43
2016,12,20,23,41
2016,12,23,06,43
2016,12,25,14,41
2016,12,27,06,45
2016,12,28,23,42
2016,12,30,23,41
2017,01,04,07,41
2017,01,06,13,31
2017,01,08,07,46
2017,01,10,00,44
2017,01,12,07,43
2017,01,14,13,45
2017,01,16,07,41
2017,01,18,00,39
2017,01,20,07,38
2017,01,22,13,41
2017,01,24,07,39
2017,01,26,00,44
2017,01,28,07,45
2017,01,30,13,45
2017,02,01,07,45
2017,02,03,01,47
2017,02,05,07,30
2017,02,07,13,42
2017,02,09,07,42
2017,02,11,01,40
2017,02,13,07,49
2017,02,15,12,43
2017,02,17,07,43
2017,02,19,01,41
2017,02,21,07,43
2017,02,23,12,41
2017,02,25,07,41
2017,02,27,01,42
2017,03,01,07,48
2017,03,05,12,41
2017,03,09,07,31
2017,03,13,02,47
2017,03,17,07,45
2017,03,21,11,41
2017,03,25,07,38
2017,03,29,02,42
2017,04,02,02,43
2017,04,07,07,30
2017,04,12,10,43
2017,04,17,19,39
2017,04,22,19,41
2017,04,27,19,39
2017,05,02,03,41
2017,05,07,06,31
2017,05,12,09,27
2017,05,17,06,38
2017,05,22,04,44
2017,05,27,06,40
2017,06,01,09,44
2017,06,06,06,27
2017,06,11,04,29
2017,06,16,06,44
2017,06,21,06,42
2017,06,26,06,39
2017,07,01,06,43
2017,07,06,09,33
2017,07,11,06,25
2017,07,16,06,43
2017,07,21,04,40
2017,07,26,06,41
2017,07,31,09,39
2017,08,05,06,37
2017,08,10,04,31
2017,08,15,06,40
2017,08,20,10,34
2017,08,25,06,41
2017,08,30,03,44
2017,09,04,06,43
2017,09,07,10,27
2017,09,10,06,35
2017,09,13,02,39
2017,09,16,06,38
2017,09,19,11,42
2017,09,22,06,38
2017,09,25,02,42
2017,09,28,06,43
2017,10,01,06,40
2017,10,03,11,29
2017,10,05,06,31
2017,10,07,01,49
2017,10,09,06,44
2017,10,11,11,42
2017,10,13,06,40
2017,10,15,01,42
2017,10,17,01,39
2017,10,19,06,40
2017,10,21,06,44
2017,10,23,12,43
2017,10,25,06,45
2017,10,27,00,44
2017,10,29,06,49
2017,10,31,12,45
2017,11,02,06,43
2017,11,04,00,29
2017,11,06,06,42
2017,11,08,12,43
2017,11,10,06,44
2017,11,12,00,43
2017,11,14,06,41
2017,11,16,13,46
2017,11,18,06,41
2017,11,20,00,43
2017,11,22,06,42
2017,11,24,13,47
2017,11,26,06,43
2017,11,28,00,38
2017,11,30,06,44
2017,12,02,13,41
2017,12,04,06,28
2017,12,08,06,43
2017,12,10,13,41
2017,12,12,06,41
2017,12,13,23,38
2017,12,16,06,43
2017,12,18,13,43
2017,12,20,06,43
2017,12,21,23,43
2017,12,24,06,43
2017,12,26,14,41
2017,12,28,06,47
2017,12,29,23,42
2018,01,01,06,40
2018,01,03,14,31
2018,01,05,06,32
2018,01,06,23,41
2018,01,09,06,49
2018,01,11,13,45
2018,01,13,06,45
2018,01,15,00,44
2018,01,17,06,42
2018,01,19,13,39
2018,01,21,06,39
2018,01,23,00,45
2018,01,25,06,45
2018,01,27,13,45
2018,01,29,06,42
2018,01,31,00,44
2018,02,02,06,42
2018,02,04,13,36
2018,02,06,06,48
2018,02,08,00,37
2018,02,10,06,47
2018,02,12,12,43
2018,02,14,06,35
2018,02,16,00,42
2018,02,18,06,46
2018,02,20,12,42
2018,02,22,06,39
2018,02,24,01,44
2018,02,26,06,39
2018,02,28,11,37
2018,03,02,06,45
2018,03,06,01,33
2018,03,10,06,32
2018,03,14,11,41
2018,03,18,06,41
2018,03,22,01,45
2018,03,26,06,38
2018,03,30,10,46
2018,04,03,06,47
2018,04,08,02,49
2018,04,13,06,47
2018,04,18,09,43
2018,04,23,06,47
2018,04,28,02,37
2018,05,03,06,41
2018,05,08,09,24
2018,05,13,06,49
2018,05,18,03,50
2018,05,23,06,32
2018,05,28,06,50
2018,06,02,09,46
2018,06,07,06,27
2018,06,12,06,43
2018,06,17,03,43
2018,06,22,06,51
2018,06,27,08,41
2018,07,02,06,42
2018,07,07,03,35
2018,07,12,06,36
2018,07,17,09,43
2018,07,22,06,37
2018,07,27,03,40
2018,08,01,06,38
2018,08,11,06,29
2018,08,16,02,44
2018,08,21,06,49
2018,08,26,09,38
2018,08,31,06,38
2018,09,05,02,35
2018,09,08,05,37
2018,09,11,09,41
2018,09,14,05,39
2018,09,17,01,45
2018,09,20,05,38
2018,09,23,10,36
2018,09,26,05,51
2018,09,29,01,45
2018,10,02,05,45
2018,10,04,10,29
2018,10,06,05,27
2018,10,08,00,35
2018,10,10,05,42
2018,10,12,10,29
2018,10,14,05,49
2018,10,16,05,45
2018,10,18,00,41
2018,10,20,05,39
2018,10,22,11,34
2018,10,24,05,46
2018,10,25,23,41
2018,10,28,05,42
