59.6215
59.6215
59.6215
59.56504
59.56504
59.56504
59.56504
59.56504
59.6208566666667
59.6208566666667
59.6208566666667
59.6208566666667
59.6208566666667
59.4991183333333
59.4991183333333
59.4991183333333
59.4991183333333
59.4991183333333
59.5644883333333
59.5644883333333
59.5644883333333
59.5644883333333
59.5644883333333
59.43256
59.43256
59.43256
59.43256
59.43256
59.4186433333333
59.4186433333333
59.4186433333333
59.4186433333333
59.444675
59.444675
59.444675
59.444675
59.5010683333333
59.5010683333333
59.5010683333333
59.50275
59.50275
59.50275
59.4693733333333
59.4693733333333
59.4693733333333
59.4693733333333
59.4693733333333
59.449045
59.449045
59.449045
59.449045
59.449045
59.4066783333333
59.4066783333333
59.4066783333333
59.4066783333333
59.4066783333333
59.4085816666667
59.4085816666667
59.4085816666667
59.4085816666667
59.4085816666667
59.5378516666667
59.5378516666667
59.5378516666667
59.5378516666667
59.5378516666667
59.6261883333333
59.6261883333333
59.6261883333333
59.6261883333333
59.6261883333333
59.667185
59.667185
59.667185
59.667185
59.667185
59.749585
59.749585
59.749585
59.749585
59.749585
59.9972866666667
59.9972866666667
59.9972866666667
59.9972866666667
59.9972866666667
60.1818
60.1818
60.1818
60.1818
60.1818
60.3393183333333
60.3393183333333
60.3393183333333
60.3393183333333
60.3393183333333
60.4486466666667
60.4486466666667
60.4486466666667
60.4486466666667
60.4486466666667
60.49313
60.49313
60.49313
60.49313
60.49313
59.9934
59.9934
59.9934
59.9934
59.9934
59.7834116666667
59.7834116666667
59.7834116666667
59.7834116666667
59.7834116666667
60.257015
60.257015
60.257015
60.257015
60.257015
60.73699
60.73699
60.73699
60.73699
60.73699
61.2349666666667
61.2349666666667
61.2349666666667
61.2349666666667
61.2349666666667
61.25692
61.25692
61.25692
61.25692
61.25692
60.6662483333333
60.2799316666667
60.2799316666667
60.2799316666667
60.2799316666667
60.2799316666667
60.0434516666667
60.0434516666667
60.0434516666667
60.0434516666667
60.0434516666667
60.2659316666667
60.2659316666667
60.2659316666667
60.2659316666667
60.2659316666667
60.5341033333333
60.5341033333333
60.5341033333333
60.5341033333333
60.5341033333333
60.7482783333333
60.7482783333333
60.7482783333333
60.7482783333333
60.7482783333333
60.6775266666667
60.6775266666667
60.6775266666667
60.6775266666667
60.6775266666667
60.5769916666667
60.5769916666667
60.5769916666667
60.5769916666667
60.5769916666667
60.79939
60.79939
60.79939
60.79939
60.79939
61.0258483333333
61.0258483333333
61.0258483333333
61.0258483333333
61.0258483333333
61.3291983333333
61.3291983333333
61.3291983333333
61.3291983333333
61.3291983333333
61.0262383333333
61.0262383333333
61.7327916666667
61.7327916666667
61.7327916666667
61.7327916666667
61.3311033333333
61.3311033333333
61.768795
61.768795
61.768795
61.768795
61.7327916666667
61.7327916666667
61.7845483333333
61.7845483333333
61.7845483333333
61.7845483333333
61.7845483333333
61.7702716666667
61.7702716666667
61.761335
61.761335
61.761335
61.761335
61.761335
61.7845483333333
61.7845483333333
61.7609416666667
61.7609416666667
61.7609416666667
61.7615216666667
61.7615216666667
61.7615216666667
61.7783516666667
61.7783516666667
61.7783516666667
61.7783516666667
61.7783516666667
61.7609416666667
61.7609416666667
61.7609416666667
62.0536216666667
62.0536216666667
62.0536216666667
62.0536216666667
62.0536216666667
61.9973166666667
61.9973166666667
61.9973166666667
61.9973166666667
61.9973166666667
62.1356916666667
62.1356916666667
62.1356916666667
62.1356916666667
62.1356916666667
61.9349283333333
61.9349283333333
61.9349283333333
61.9349283333333
61.9349283333333
