-38.9543516666667
-38.9543516666667
-38.9543516666667
-38.8202866666667
-38.8202866666667
-38.8202866666667
-38.8202866666667
-38.8202866666667
-38.9521216666667
-38.9521216666667
-38.9521216666667
-38.9521216666667
-38.9521216666667
-38.693085
-38.693085
-38.693085
-38.693085
-38.693085
-38.8193916666667
-38.8193916666667
-38.8193916666667
-38.8193916666667
-38.8193916666667
-38.5743366666667
-38.5743366666667
-38.5743366666667
-38.5743366666667
-38.5743366666667
-38.4165933333333
-38.4165933333333
-38.4165933333333
-38.4165933333333
-38.4032416666667
-38.4032416666667
-38.4032416666667
-38.4032416666667
-38.39831
-38.39831
-38.39831
-38.47594
-38.47594
-38.47594
-38.5341166666667
-38.5341166666667
-38.5341166666667
-38.5341166666667
-38.5341166666667
-38.588605
-38.588605
-38.588605
-38.588605
-38.588605
-38.8449033333333
-38.8449033333333
-38.8449033333333
-38.8449033333333
-38.8449033333333
-39.092645
-39.092645
-39.092645
-39.092645
-39.092645
-39.3442283333333
-39.3442283333333
-39.3442283333333
-39.3442283333333
-39.3442283333333
-39.4170183333333
-39.4170183333333
-39.4170183333333
-39.4170183333333
-39.4170183333333
-39.2346333333333
-39.2346333333333
-39.2346333333333
-39.2346333333333
-39.2346333333333
-38.730325
-38.730325
-38.730325
-38.730325
-38.730325
-38.7509783333333
-38.7509783333333
-38.7509783333333
-38.7509783333333
-38.7509783333333
-38.9399283333333
-38.9399283333333
-38.9399283333333
-38.9399283333333
-38.9399283333333
-38.6746566666667
-38.6746566666667
-38.6746566666667
-38.6746566666667
-38.6746566666667
-38.0120983333333
-38.0120983333333
-38.0120983333333
-38.0120983333333
-38.0120983333333
-37.0281566666667
-37.0281566666667
-37.0281566666667
-37.0281566666667
-37.0281566666667
-36.540855
-36.540855
-36.540855
-36.540855
-36.540855
-35.8610566666667
-35.8610566666667
-35.8610566666667
-35.8610566666667
-35.8610566666667
-36.0574133333333
-36.0574133333333
-36.0574133333333
-36.0574133333333
-36.0574133333333
-36.6445916666667
-36.6445916666667
-36.6445916666667
-36.6445916666667
-36.6445916666667
-36.8130816666667
-36.8130816666667
-36.8130816666667
-36.8130816666667
-36.8130816666667
-35.909825
-35.909825
-35.909825
-35.909825
-35.909825
-35.7049183333333
-36.17124
-36.17124
-36.17124
-36.17124
-36.17124
-36.012505
-36.012505
-36.012505
-36.012505
-36.012505
-35.9354
-35.9354
-35.9354
-35.9354
-35.9354
-36.5472416666667
-36.5472416666667
-36.5472416666667
-36.5472416666667
-36.5472416666667
-37.1034833333333
-37.1034833333333
-37.1034833333333
-37.1034833333333
-37.1034833333333
-36.2242666666667
-36.2242666666667
-36.2242666666667
-36.2242666666667
-36.2242666666667
-35.3156166666667
-35.3156166666667
-35.3156166666667
-35.3156166666667
-35.3156166666667
-35.04278
-35.04278
-35.04278
-35.04278
-35.04278
-34.9920183333333
-34.9920183333333
-34.9920183333333
-34.9920183333333
-34.9920183333333
-35.0351666666667
-35.0351666666667
-35.0351666666667
-35.0351666666667
-35.0351666666667
-34.9909783333333
-34.9909783333333
-34.8089083333333
-34.8089083333333
-34.8089083333333
-34.8089083333333
-35.0398983333333
-35.0398983333333
-34.7365883333333
-34.7365883333333
-34.7365883333333
-34.7365883333333
-34.8089083333333
-34.8089083333333
-34.0362633333333
-34.0362633333333
-34.0362633333333
-34.0362633333333
-34.0362633333333
-34.7259883333333
-34.7259883333333
-33.9458016666667
-33.9458016666667
-33.9458016666667
-33.9458016666667
-33.9458016666667
-34.0362633333333
-34.0362633333333
-33.39377
-33.39377
-33.39377
-33.9441683333333
-33.9441683333333
-33.9441683333333
-33.3719683333333
-33.3719683333333
-33.3719683333333
-33.3719683333333
-33.3719683333333
-33.39377
-33.39377
-33.39377
-33.8031266666667
-33.8031266666667
-33.8031266666667
-33.8031266666667
-33.8031266666667
-33.4998233333333
-33.4998233333333
-33.4998233333333
-33.4998233333333
-33.4998233333333
-33.4843283333333
-33.4843283333333
-33.4843283333333
-33.4843283333333
-33.4843283333333
-33.36067
-33.36067
-33.36067
-33.36067
-33.36067
