-49.0364533333333
-49.0364533333333
-49.0364533333333
-49.0364533333333
-49.0364533333333
-49.0018183333333
-49.0018183333333
-49.0018183333333
-49.0018183333333
-49.0018183333333
-49.0429283333333
-49.0429283333333
-49.0429283333333
-49.0429283333333
-49.0429283333333
-49.0330083333333
-49.0330083333333
-49.0330083333333
-49.0330083333333
-49.0330083333333
-49.0228783333333
-49.0228783333333
-49.0228783333333
-49.0228783333333
-49.0228783333333
-48.9332783333333
-48.9332783333333
-48.9332783333333
-48.9332783333333
-48.9332783333333
-48.8210066666667
-48.8210066666667
-48.8210066666667
-48.8210066666667
-48.8210066666667
-48.686785
-48.686785
-48.686785
-48.686785
-48.686785
-48.542655
-48.542655
-48.542655
-48.542655
-48.542655
-48.4173433333333
-48.4173433333333
-48.4173433333333
-48.4173433333333
-48.4173433333333
-48.31594
-48.31594
-48.31594
-48.31594
-48.31594
-48.1241766666667
-48.1241766666667
-48.1241766666667
-48.1241766666667
-48.1241766666667
-48.364395
-48.364395
-48.364395
-48.364395
-48.364395
-48.4544566666667
-48.4544566666667
-48.4544566666667
-48.4544566666667
-48.4544566666667
-48.5771016666667
-48.5771016666667
-48.5771016666667
-48.5771016666667
-48.5771016666667
-48.7374516666667
-48.7374516666667
-48.7374516666667
-48.7374516666667
-48.7374516666667
-48.9982283333333
-48.9982283333333
-48.9982283333333
-48.9982283333333
-48.9982283333333
-49.1277716666667
-49.1277716666667
-49.1277716666667
-49.1277716666667
-49.1277716666667
-49.1049183333333
-49.1049183333333
-49.1049183333333
-49.1049183333333
-49.1049183333333
-48.834425
-48.834425
-48.834425
-48.834425
-48.834425
-48.7126583333333
-48.7126583333333
-48.7126583333333
-48.7126583333333
-48.7126583333333
-48.7944383333333
-48.7944383333333
-48.7944383333333
-48.7944383333333
-48.7944383333333
-48.74676
-48.74676
-48.74676
-48.74676
-48.74676
-48.493145
-48.493145
-48.493145
-48.493145
-48.493145
-48.1331366666667
-48.1331366666667
-48.1331366666667
-48.1331366666667
-48.1331366666667
-48.1022816666667
-48.1022816666667
-48.1022816666667
-48.1022816666667
-48.1022816666667
-48.2522066666667
-48.2522066666667
-48.2522066666667
-48.2522066666667
-48.2522066666667
-48.271715
-48.271715
-48.271715
-48.271715
-48.271715
-48.4119633333333
-48.4119633333333
-48.4119633333333
-48.4119633333333
-48.4119633333333
-48.5106283333333
-48.5106283333333
-48.5106283333333
-48.5106283333333
-48.5106283333333
-48.4200916666667
-48.4200916666667
-48.4200916666667
-48.4200916666667
-48.4200916666667
-48.5322716666667
-48.5322716666667
-48.5322716666667
-48.5322716666667
-48.5322716666667
-48.8816766666667
-48.8816766666667
-48.8816766666667
-48.8816766666667
-48.8816766666667
-49.4031066666667
-49.4031066666667
-49.4031066666667
-49.4031066666667
-49.4031066666667
-49.40314
-49.40314
-49.40314
-49.40314
-49.40314
-49.18536
-49.18536
-49.18536
-49.18536
-49.1316
-49.1316
-49.1316
-49.1316
-49.1316
-48.7576833333333
-48.7576833333333
-48.7576833333333
-48.7576833333333
-48.7576833333333
-48.2511966666667
-48.2511966666667
-48.2511966666667
-48.2511966666667
-48.2511966666667
-47.69948
-47.69948
-47.69948
-47.69948
-47.69948
-47.0960616666667
-47.0960616666667
-47.0960616666667
-47.0960616666667
-47.0960616666667
-47.5547933333333
-47.5547933333333
-47.5547933333333
-47.5547933333333
-47.5547933333333
-48.97717
-48.97717
-48.97717
-48.97717
-48.97717
-47.4779483333333
-47.4779483333333
-47.4779483333333
-47.4779483333333
-47.4779483333333
-48.57852
-48.57852
-48.57852
-48.57852
-49.2237683333333
-49.2237683333333
