2.80518333333333
2.80518333333333
2.80518333333333
2.80518333333333
2.80518333333333
2.60130666666667
2.60130666666667
2.60130666666667
2.60130666666667
2.60130666666667
2.98442333333333
2.98442333333333
2.98442333333333
2.98442333333333
2.98442333333333
2.81063
2.81063
2.81063
2.81063
2.81063
3.15468
3.15468
3.15468
3.15468
3.15468
3.297015
3.297015
3.297015
3.297015
3.297015
3.38017833333333
3.38017833333333
3.38017833333333
3.38017833333333
3.38017833333333
3.46241833333333
3.46241833333333
3.46241833333333
3.46241833333333
3.46241833333333
3.55876166666667
3.55876166666667
3.55876166666667
3.55876166666667
3.55876166666667
3.661955
3.661955
3.661955
3.661955
3.661955
3.83733666666667
3.83733666666667
3.83733666666667
3.83733666666667
3.83733666666667
5.04235
5.04235
5.04235
5.04235
5.04235
6.22876166666667
6.22876166666667
6.22876166666667
6.22876166666667
6.22876166666667
7.01063333333333
7.01063333333333
7.01063333333333
7.01063333333333
7.01063333333333
7.52714333333333
7.52714333333333
7.52714333333333
7.52714333333333
7.52714333333333
8.28316166666667
8.28316166666667
8.28316166666667
8.28316166666667
8.28316166666667
8.934165
8.934165
8.934165
8.934165
8.934165
9.64722333333333
9.64722333333333
9.64722333333333
9.64722333333333
9.64722333333333
10.2242133333333
10.2242133333333
10.2242133333333
10.2242133333333
10.2242133333333
10.412855
10.412855
10.412855
10.412855
10.412855
10.120345
10.120345
10.120345
10.120345
10.120345
10.0656733333333
10.0656733333333
10.0656733333333
10.0656733333333
10.0656733333333
10.28648
10.28648
10.28648
10.28648
10.28648
10.47971
10.47971
10.47971
10.47971
10.47971
10.7363083333333
10.7363083333333
10.7363083333333
10.7363083333333
10.7363083333333
11.2604183333333
11.2604183333333
11.2604183333333
11.2604183333333
11.2604183333333
11.70222
11.70222
11.70222
11.70222
11.70222
12.179215
12.179215
12.179215
12.179215
12.179215
12.5964066666667
12.5964066666667
12.5964066666667
12.5964066666667
12.5964066666667
12.955935
12.955935
12.955935
12.955935
12.955935
13.29076
13.29076
13.29076
13.29076
13.29076
14.23633
14.23633
14.23633
14.23633
14.23633
14.3394566666667
14.3394566666667
14.3394566666667
14.3394566666667
14.3394566666667
15.1992866666667
15.1992866666667
15.1992866666667
15.1992866666667
15.1992866666667
15.7505633333333
15.7505633333333
15.7505633333333
15.7505633333333
15.7505633333333
15.70986
15.70986
15.70986
15.70986
15.8219783333333
15.8219783333333
15.8219783333333
15.8219783333333
15.8219783333333
15.7731166666667
15.7731166666667
15.7731166666667
15.7731166666667
15.7731166666667
15.7159616666667
15.7159616666667
15.7159616666667
15.7159616666667
15.7159616666667
15.9512866666667
15.9512866666667
15.9512866666667
15.9512866666667
15.9512866666667
17.6757966666667
17.6757966666667
17.6757966666667
17.6757966666667
17.6757966666667
19.3249116666667
19.3249116666667
19.3249116666667
19.3249116666667
19.3249116666667
19.6012783333333
19.6012783333333
19.6012783333333
19.6012783333333
19.6012783333333
21.4629116666667
21.4629116666667
21.4629116666667
21.4629116666667
21.4629116666667
23.0669583333333
23.0669583333333
23.0669583333333
23.0669583333333
23.474135
23.474135
