-50.60526
-50.60526
-50.60526
-50.60526
-50.60526
-50.6197216666667
-50.6197216666667
-50.6197216666667
-50.6197216666667
-50.6197216666667
-50.61384
-50.61384
-50.61384
-50.61384
-50.61384
-50.6066433333333
-50.6066433333333
-50.6066433333333
-50.6066433333333
-50.6066433333333
-50.6426616666667
-50.6426616666667
-50.6426616666667
-50.6426616666667
-50.6426616666667
-50.6115933333333
-50.6115933333333
-50.6115933333333
-50.6115933333333
-50.6115933333333
-50.6725133333333
-50.6725133333333
-50.6725133333333
-50.6725133333333
-50.6725133333333
-50.64578
-50.64578
-50.64578
-50.64578
-50.64578
-50.6950433333333
-50.6950433333333
-50.6950433333333
-50.6950433333333
-50.6950433333333
-50.6731466666667
-50.6731466666667
-50.6731466666667
-50.6731466666667
-50.6731466666667
-50.7301716666667
-50.7301716666667
-50.7301716666667
-50.7301716666667
-50.7301716666667
-50.69826
-50.69826
-50.69826
-50.69826
-50.69826
-50.7585433333333
-50.7585433333333
-50.7585433333333
-50.7585433333333
-50.7585433333333
-50.7316033333333
-50.7316033333333
-50.7316033333333
-50.7316033333333
-50.7316033333333
-50.7647133333333
-50.7647133333333
-50.7647133333333
-50.7647133333333
-50.7647133333333
-50.7587066666667
-50.7587066666667
-50.7587066666667
-50.7587066666667
-50.7587066666667
-50.7927033333333
-50.7927033333333
-50.7927033333333
-50.7927033333333
-50.7927033333333
-50.7668683333333
-50.7668683333333
-50.7668683333333
-50.7668683333333
-50.7668683333333
-50.8066833333333
-50.8066833333333
-50.8066833333333
-50.8066833333333
-50.8066833333333
-50.7930233333333
-50.7930233333333
-50.7930233333333
-50.7930233333333
-50.7930233333333
-50.8185383333333
-50.8185383333333
-50.8185383333333
-50.8185383333333
-50.8185383333333
-50.8042383333333
-50.8042383333333
-50.8042383333333
-50.8042383333333
-50.8042383333333
-50.831525
-50.831525
-50.831525
-50.831525
-50.831525
-50.8190266666667
-50.8190266666667
-50.8190266666667
-50.8190266666667
-50.8190266666667
-50.8380183333333
-50.8380183333333
-50.8380183333333
-50.8380183333333
-50.8380183333333
-50.8297216666667
-50.8297216666667
-50.8297216666667
-50.8297216666667
-50.8297216666667
-50.84913
-50.84913
-50.84913
-50.84913
-50.84913
-50.8329283333333
-50.8329283333333
-50.8329283333333
-50.8329283333333
-50.8329283333333
-50.8405683333333
-50.8405683333333
-50.8405683333333
-50.8405683333333
-50.8405683333333
-50.8467466666667
-50.8467466666667
-50.8467466666667
-50.8467466666667
-50.8467466666667
-50.80738
-50.80738
-50.80738
-50.80738
-50.80738
-50.834965
-50.834965
-50.834965
-50.834965
-50.834965
-50.76255
-50.76255
-50.76255
-50.76255
-50.76255
-50.8033416666667
-50.8033416666667
-50.8033416666667
-50.8033416666667
-50.8033416666667
-50.71557
-50.71557
-50.71557
-50.71557
-50.71557
-50.75841
-50.75841
-50.75841
-50.75841
-50.75841
-50.6611983333333
-50.6611983333333
-50.6611983333333
-50.6611983333333
-50.6611983333333
-50.7097883333333
-50.7097883333333
-50.7097883333333
-50.7097883333333
-50.7097883333333
-50.6330633333333
-50.6330633333333
-50.6330633333333
-50.6330633333333
-50.6330633333333
-50.6600016666667
-50.6600016666667
-50.6600016666667
-50.6600016666667
-50.6600016666667
-50.591505
-50.591505
-50.591505
-50.591505
-50.591505
-50.5722766666667
-50.5722766666667
-50.5722766666667
-50.5722766666667
-50.5722766666667
-50.53234
-50.53234
-50.53234
-50.53234
-50.53234
-50.497115
-50.497115
-50.497115
-50.497115
-50.497115
-50.4752066666667
-50.4752066666667
-50.4752066666667
-50.4752066666667
-50.4752066666667
-50.472935
-50.472935
-50.472935
-50.472935
-50.472935
-50.43599
-50.43599
-50.43599
-50.43599
-50.43599
-50.3707916666667
-50.3707916666667
-50.3707916666667
-50.3707916666667
-50.3707916666667
-50.2754583333333
-50.2754583333333
-50.2754583333333
-50.2754583333333
-50.158475
-50.158475
-50.158475
-50.158475
-50.158475
-50.0803
-50.0803
-50.0803
-50.0803
-50.0803
-50.0050616666667
-50.0050616666667
-50.0050616666667
-50.0050616666667
-50.0050616666667
-50.0388583333333
-50.0388583333333
-50.0388583333333
-50.0388583333333
-50.0388583333333
-50.07985
-50.07985
-50.07985
-50.07985
-50.07985
-50.1152
-50.1152
-50.1152
-50.1152
-50.1152
-50.0654266666667
-50.0654266666667
-50.0654266666667
-50.0654266666667
-50.0654266666667
-50.05172
-50.05172
-50.05172
-50.05172
-50.05172
-50.07576
-50.07576
-50.07576
-50.07576
-50.07576
-50.0519533333333
-50.0519533333333
-50.0519533333333
-50.0519533333333
-50.0519533333333
-49.9867116666667
-49.9867116666667
-49.9867116666667
-49.9867116666667
-49.9867116666667
-49.9095133333333
-49.9095133333333
-49.9095133333333
-49.9095133333333
-49.9095133333333
-49.8081283333333
-49.8081283333333
-49.8081283333333
-49.8081283333333
-49.8081283333333
-49.6473616666667
-49.6473616666667
-49.6473616666667
-49.6473616666667
-49.6473616666667
-49.5694283333333
-49.5694283333333
-49.5694283333333
-49.5694283333333
-49.5694283333333
-49.45421
-49.45421
-49.45421
-49.45421
-49.45421
-49.202975
-49.202975
-49.202975
-49.202975
-49.202975
-48.64936
-48.64936
-48.64936
-48.64936
-48.1182116666667
-48.1182116666667
-48.1182116666667
-48.1182116666667
-48.1182116666667
-47.6856616666667
-47.6856616666667
-47.6856616666667
-47.6856616666667
-47.6856616666667
-47.3071583333333
-47.3071583333333
-47.3071583333333
-47.3071583333333
-47.3071583333333
-47.45586
-47.45586
-47.45586
-47.45586
-47.45586
-47.2942366666667
-47.2942366666667
-47.2942366666667
-47.2942366666667
-47.2942366666667
-47.3567116666667
-47.3567116666667
-47.3567116666667
-47.3567116666667
-47.3567116666667
-47.2627366666667
-47.2627366666667
-47.2627366666667
-47.2627366666667
-47.2627366666667
-47.7641983333333
