72.0886716666667
72.0886716666667
72.0886716666667
72.0886716666667
72.0886716666667
72.04739
72.04739
72.04739
72.04739
72.04739
72.090875
72.090875
72.090875
72.090875
72.090875
72.084715
72.084715
72.084715
72.084715
72.084715
72.0917466666667
72.0917466666667
72.0917466666667
72.0917466666667
72.0917466666667
72.0895
72.0895
72.0895
72.0895
72.0895
72.0725933333333
72.0725933333333
72.0725933333333
72.0725933333333
72.0725933333333
72.0966733333333
72.0966733333333
72.0966733333333
72.0966733333333
72.0966733333333
72.0383666666667
72.0383666666667
72.0383666666667
72.0383666666667
72.0383666666667
72.076385
72.076385
72.076385
72.076385
72.076385
71.9959533333333
71.9959533333333
71.9959533333333
71.9959533333333
71.9959533333333
72.04089
72.04089
72.04089
72.04089
72.04089
71.9599666666667
71.9599666666667
71.9599666666667
71.9599666666667
71.9599666666667
71.994285
71.994285
71.994285
71.994285
71.994285
71.9678766666667
71.9678766666667
71.9678766666667
71.9678766666667
71.9678766666667
71.9625283333333
71.9625283333333
71.9625283333333
71.9625283333333
71.9625283333333
71.956695
71.956695
71.956695
71.956695
71.956695
71.9687416666667
71.9687416666667
71.9687416666667
71.9687416666667
71.9687416666667
71.92981
71.92981
71.92981
71.92981
71.92981
71.9574333333333
71.9574333333333
71.9574333333333
71.9574333333333
71.9574333333333
71.8863883333333
71.8863883333333
71.8863883333333
71.8863883333333
71.8863883333333
71.92957
71.92957
71.92957
71.92957
71.92957
71.8525416666667
71.8525416666667
71.8525416666667
71.8525416666667
71.8525416666667
71.8884116666667
71.8884116666667
71.8884116666667
71.8884116666667
71.8884116666667
71.80019
71.80019
71.80019
71.80019
71.80019
71.8545166666667
71.8545166666667
71.8545166666667
71.8545166666667
71.8545166666667
71.7211283333333
71.7211283333333
71.7211283333333
71.7211283333333
71.7211283333333
71.7988566666667
71.7988566666667
71.7988566666667
71.7988566666667
71.7988566666667
71.6624883333333
71.6624883333333
71.6624883333333
71.6624883333333
71.6624883333333
71.7223283333333
71.7223283333333
71.7223283333333
71.7223283333333
71.7223283333333
71.6107716666667
71.6107716666667
71.6107716666667
71.6107716666667
71.6107716666667
71.66669
71.66669
71.66669
71.66669
71.66669
71.5816216666667
71.5816216666667
71.5816216666667
71.5816216666667
71.5816216666667
71.6109783333333
71.6109783333333
71.6109783333333
71.6109783333333
71.6109783333333
71.51312
71.51312
71.51312
71.51312
71.51312
71.5808283333333
71.5808283333333
71.5808283333333
71.5808283333333
71.5808283333333
71.483705
71.483705
71.483705
71.483705
71.483705
71.5156166666667
71.5156166666667
71.5156166666667
71.5156166666667
71.5156166666667
71.50867
71.50867
71.50867
71.50867
71.50867
71.4905966666667
71.4905966666667
71.4905966666667
71.4905966666667
71.4905966666667
71.5144383333333
71.5144383333333
71.5144383333333
71.5144383333333
71.5144383333333
71.5516083333333
71.5516083333333
71.5516083333333
71.5516083333333
71.5516083333333
71.61517
71.61517
71.61517
71.61517
71.61517
71.608745
71.608745
71.608745
71.608745
71.608745
71.551425
71.551425
71.551425
71.551425
71.551425
71.4849866666667
71.4849866666667
71.4849866666667
71.4849866666667
71.4849866666667
71.4193783333333
71.4193783333333
71.4193783333333
71.4193783333333
71.4193783333333
71.2796833333333
71.2796833333333
71.2796833333333
71.2796833333333
71.2796833333333
71.2263533333333
71.2263533333333
71.2263533333333
71.2263533333333
71.1887183333333
71.1887183333333
71.1887183333333
71.1887183333333
71.1887183333333
71.2047033333333
71.2047033333333
71.2047033333333
71.2047033333333
71.2047033333333
71.2805366666667
71.2805366666667
71.2805366666667
71.2805366666667
71.2805366666667
71.3407666666667
71.3407666666667
71.3407666666667
71.3407666666667
71.3407666666667
71.3377933333333
71.3377933333333
71.3377933333333
71.3377933333333
71.3377933333333
71.3485666666667
71.3485666666667
71.3485666666667
71.3485666666667
71.3485666666667
71.4455666666667
71.4455666666667
71.4455666666667
71.4455666666667
71.4455666666667
71.5244983333333
71.5244983333333
71.5244983333333
71.5244983333333
71.5244983333333
71.5886516666667
71.5886516666667
71.5886516666667
71.5886516666667
71.5886516666667
71.6059016666667
71.6059016666667
71.6059016666667
71.6059016666667
71.6059016666667
71.6414366666667
71.6414366666667
71.6414366666667
71.6414366666667
71.6414366666667
71.68044
71.68044
71.68044
71.68044
71.68044
71.6727
71.6727
71.6727
71.6727
71.6727
71.5956316666667
71.5956316666667
71.5956316666667
71.5956316666667
71.5956316666667
71.3637116666667
71.3637116666667
71.3637116666667
71.3637116666667
71.3637116666667
71.2274366666667
71.2274366666667
71.2274366666667
71.2274366666667
71.2274366666667
71.2016033333333
71.2016033333333
71.2016033333333
71.2016033333333
71.2016033333333
71.0975383333333
71.0975383333333
71.0975383333333
71.0975383333333
71.4621883333333
71.4621883333333
71.4621883333333
71.4621883333333
71.4621883333333
71.9866833333333
71.9866833333333
71.9866833333333
71.9866833333333
71.9866833333333
72.3116866666667
72.3116866666667
72.3116866666667
72.3116866666667
72.3116866666667
73.7551283333333
73.7551283333333
73.7551283333333
73.7551283333333
73.7551283333333
75.8715466666667
75.8715466666667
75.8715466666667
75.8715466666667
75.8715466666667
75.645075
75.645075
75.645075
75.645075
75.645075
76.46854
76.46854
76.46854
76.46854
76.46854
75.831255
