2015,01,22,11,56
2015,01,21,22,24
2015,01,23,12,04
2015,01,22,14,12
2015,01,24,06,56
2015,01,23,13,33
2015,01,25,06,56
2015,01,24,09,03
2015,01,26,06,56
2015,01,25,08,43
2015,01,27,06,51
2015,01,26,09,04
2015,01,28,06,56
2015,01,27,08,29
2015,01,29,06,56
2015,01,28,08,57
2015,01,30,06,48
2015,01,29,08,43
2015,01,31,06,52
2015,01,30,09,00
2015,02,01,06,48
2015,01,31,08,41
2015,02,02,06,56
2015,02,01,09,01
2015,02,03,06,54
2015,02,02,08,43
2015,02,04,06,50
2015,02,03,08,58
2015,02,05,06,59
2015,02,04,08,35
2015,02,06,06,49
2015,02,05,09,13
2015,02,07,06,55
2015,02,06,08,42
2015,02,08,06,53
2015,02,07,08,54
2015,02,09,06,57
2015,02,08,08,49
2015,02,10,06,58
2015,02,09,09,00
2015,02,12,06,55
2015,02,14,06,45
2015,02,16,06,54
2015,02,18,06,47
2015,02,20,07,07
2015,02,22,06,57
2015,02,24,06,51
2015,02,26,06,54
2015,02,28,07,01
2015,03,02,06,52
2015,03,04,06,54
2015,03,06,06,50
2015,03,08,06,53
2015,03,10,06,52
2015,03,12,07,01
2015,03,14,06,54
2015,03,16,07,07
2015,03,18,06,57
2015,03,20,06,51
2015,03,22,06,55
2015,03,24,06,49
2015,03,26,06,50
2015,03,28,06,48
2015,03,30,06,59
2015,04,02,06,50
2015,04,05,06,51
2015,04,08,07,01
2015,04,11,06,57
2015,04,14,07,03
2015,04,17,07,09
2015,04,20,07,05
2015,04,23,06,59
2015,04,26,06,53
2015,04,29,06,55
2015,05,02,06,47
2015,05,05,06,37
2015,05,08,06,39
2015,05,11,06,35
2015,05,14,06,45
2015,05,17,06,42
2015,05,20,06,33
2015,05,23,06,32
2015,05,26,06,41
2015,05,29,06,40
2015,06,01,06,36
2015,06,04,06,35
2015,06,07,06,38
2015,06,10,06,39
2015,06,13,06,36
2015,06,16,06,35
2015,06,19,06,37
2015,06,22,06,54
2015,06,25,06,36
2015,06,28,06,39
2015,07,01,06,42
2015,07,04,06,33
2015,07,07,06,47
2015,07,10,06,45
2015,07,13,06,43
2015,07,16,06,30
2015,07,19,06,41
2015,07,22,06,38
2015,07,25,06,40
2015,07,28,06,31
2015,07,31,06,30
2015,08,03,06,48
2015,08,06,06,33
2015,08,09,06,40
2015,08,12,06,31
2015,08,15,05,41
2015,08,18,05,44
2015,08,21,06,44
2015,08,24,06,31
2015,08,27,06,49
2015,08,30,05,33
2015,09,02,05,22
2015,09,05,05,33
2015,09,08,05,41
2015,09,11,05,39
2015,09,14,05,41
2015,09,20,05,25
2015,09,23,05,33
2015,09,26,05,37
2015,09,29,05,34
2015,10,02,05,37
2015,10,05,05,30
2015,10,08,05,40
2015,10,11,05,27
2015,10,14,05,37
2015,10,17,05,29
2015,10,20,05,45
2015,10,23,05,38
2015,10,26,05,42
2015,10,29,05,38
2015,11,01,05,43
2015,11,02,05,33
2015,11,03,05,32
2015,11,04,05,35
2015,11,05,05,31
2015,11,06,05,48
2015,11,07,05,32
2015,11,08,05,36
2015,11,09,05,41
2015,11,10,05,38
2015,11,11,05,43
2015,11,12,05,37
2015,11,13,05,30
2015,11,14,05,41
2015,11,15,05,35
2015,11,16,05,34
2015,11,17,05,41
2015,11,18,05,37
2015,11,19,05,37
2015,11,20,05,30
2015,11,21,05,33
2015,11,22,05,35
2015,11,23,05,42
2015,11,24,05,40
2015,11,25,05,36
2015,11,26,05,39
2015,11,27,05,38
2015,11,28,05,31
2015,11,29,04,35
2015,11,30,04,34
2015,12,01,04,31
2015,12,02,04,40
2015,12,04,04,36
2015,12,06,05,37
2015,12,08,05,38
2015,12,10,05,31
2015,12,12,05,40
2015,12,14,05,37
2015,12,16,05,34
2015,12,18,05,36
2015,12,20,05,36
2015,12,22,05,45
2015,12,24,05,31
2015,12,26,05,37
2015,12,28,05,35
2015,12,30,05,35
2016,01,01,05,33
2016,01,03,05,36
2016,01,05,05,36
2016,01,07,05,40
2016,01,11,05,36
2016,01,15,05,39
2016,01,19,05,39
2016,01,23,05,34
2016,01,27,05,35
2016,01,31,05,37
2016,02,04,05,38
2016,02,08,05,34
2016,02,12,05,38
2016,02,16,05,44
2016,02,20,05,38
2016,02,24,05,36
2016,02,28,05,31
2016,03,03,05,46
2016,03,07,05,41
2016,03,11,05,35
2016,03,15,05,38
2016,03,19,05,41
2016,03,23,04,36
2016,03,27,04,32
2016,03,31,04,38
2016,04,05,04,40
2016,04,08,04,33
2016,04,11,04,38
2016,04,12,16,31
2016,04,13,16,37
2016,04,14,04,36
2016,04,15,04,35
2016,04,18,04,39
2016,04,21,04,36
2016,04,24,04,37
2016,04,27,04,33
2016,04,30,04,29
2016,05,05,04,37
2016,05,10,04,42
2016,05,15,04,44
2016,05,20,04,36
2016,05,25,04,41
2016,05,30,04,41
2016,06,04,04,36
2016,06,09,04,44
2016,06,14,04,45
2016,06,19,04,40
2016,06,24,04,36
2016,06,29,04,36
2016,07,04,04,38
2016,07,09,04,37
2016,07,14,04,34
2016,07,19,04,41
2016,07,24,04,36
2016,07,29,04,45
2016,08,03,04,36
2016,08,08,04,31
2016,08,13,04,39
2016,08,18,04,37
2016,08,23,04,35
2016,08,28,04,39
2016,08,31,04,39
2016,09,05,04,39
2016,09,08,04,33
2016,09,14,03,41
2016,09,17,03,35
2016,09,20,03,41
2016,09,23,03,39
2016,09,26,03,38
2016,09,29,03,43
2016,10,01,03,48
2016,10,03,03,46
2016,10,05,03,36
2016,10,07,03,40
2016,10,09,03,38
2016,10,11,03,35
2016,10,13,03,38
2016,10,15,03,38
2016,10,17,03,36
2016,10,19,03,32
2016,10,21,03,33
2016,10,23,03,39
2016,10,25,03,40
2016,10,27,03,33
2016,10,29,03,47
2016,10,31,03,49
2016,11,02,03,39
2016,11,04,03,38
2016,11,06,03,47
2016,11,08,03,47
2016,11,10,03,44
2016,11,12,03,45
2016,11,14,03,50
2016,11,16,03,53
2016,11,18,03,53
2016,11,20,03,52
2016,11,22,03,47
2016,11,24,03,50
2016,11,26,03,50
2016,11,28,03,52
2016,11,30,03,51
2016,12,02,03,51
2016,12,04,03,53
2016,12,06,03,52
2016,12,08,03,50
2016,12,10,03,50
2016,12,12,03,49
2016,12,14,03,54
2016,12,16,03,53
2016,12,18,03,51
2016,12,20,03,53
2016,12,22,03,52
2016,12,24,03,51
2016,12,26,03,51
2016,12,28,03,52
2016,12,30,03,51
2017,01,01,03,53
2017,01,03,03,50
2017,01,05,03,52
2017,01,07,03,52
2017,01,09,03,51
2017,01,11,03,53
2017,01,13,03,50
2017,01,15,03,51
2017,01,17,03,54
2017,01,19,04,52
2017,01,21,04,52
2017,01,23,04,55
2017,01,25,04,50
2017,01,27,04,52
2017,01,29,03,51
2017,01,31,03,51
2017,02,02,03,51
2017,02,04,03,51
2017,02,06,03,52
2017,02,08,03,51
2017,02,10,03,53
2017,02,12,03,50
2017,02,14,03,47
2017,02,16,03,44
2017,02,18,03,53
2017,02,20,03,54
2017,02,22,03,52
2017,02,24,03,48
2017,02,26,03,51
2017,02,28,03,55
2017,03,04,03,53
2017,03,08,03,53
2017,03,12,03,51
2017,03,16,03,51
2017,03,24,03,48
2017,03,28,03,50
2017,04,01,03,50
2017,04,06,03,55
2017,04,11,03,49
2017,04,12,15,50
2017,04,13,15,48
2017,04,18,03,42
2017,04,23,03,47
2017,04,28,03,48
2017,05,03,03,45
2017,05,08,03,48
2017,05,13,03,44
2017,05,18,03,43
2017,05,23,03,54
2017,05,28,03,49
2017,06,07,03,46
2017,06,12,03,51
2017,06,17,03,57
2017,06,22,03,48
2017,06,27,03,48
2017,07,02,03,51
2017,07,07,03,53
2017,07,12,03,53
2017,07,17,03,51
2017,07,22,03,55
2017,07,27,03,51
2017,08,01,03,48
2017,08,06,03,51
2017,08,11,03,54
2017,08,16,03,51
2017,08,21,03,53
2017,08,26,03,54
2017,08,31,03,54
2017,09,03,03,56
2017,09,06,03,57
2017,09,09,03,53
2017,09,12,04,02
2017,09,15,04,03
