-45.921075
-45.921075
-45.921075
-45.921075
-45.921075
-45.9730266666667
-45.9730266666667
-45.9730266666667
-45.9730266666667
-45.9730266666667
-45.816975
-45.816975
-45.816975
-45.816975
-45.816975
-45.915175
-45.915175
-45.915175
-45.915175
-45.915175
-45.69442
-45.69442
-45.69442
-45.69442
-45.69442
-45.5880683333333
-45.5880683333333
-45.5880683333333
-45.5880683333333
-45.5880683333333
-45.4876133333333
-45.4876133333333
-45.4876133333333
-45.4876133333333
-45.4876133333333
-45.3755066666667
-45.3755066666667
-45.3755066666667
-45.3755066666667
-45.2722316666667
-45.2722316666667
-45.2722316666667
-45.2722316666667
-45.1311833333333
-45.1311833333333
-45.1311833333333
-45.1311833333333
-45.0054616666667
-45.0054616666667
-45.0054616666667
-45.0054616666667
-45.0054616666667
-44.8888616666667
-44.8888616666667
-44.8888616666667
-44.8888616666667
-44.8888616666667
-44.7769333333333
-44.7769333333333
-44.7769333333333
-44.7769333333333
-44.7769333333333
-44.6793683333333
-44.6793683333333
-44.6793683333333
-44.6793683333333
-44.6793683333333
-44.589015
-44.589015
-44.589015
-44.589015
-44.589015
-44.5391016666667
-44.5391016666667
-44.5391016666667
-44.5391016666667
-44.5391016666667
-44.5006816666667
-44.5006816666667
-44.5006816666667
-44.5006816666667
-44.5006816666667
-44.4704116666667
-44.4704116666667
-44.4704116666667
-44.4704116666667
-44.4704116666667
-44.4333083333333
-44.4333083333333
-44.4333083333333
-44.4333083333333
-44.4333083333333
-44.4052883333333
-44.4052883333333
-44.4052883333333
-44.4052883333333
-44.4052883333333
-44.3978939098164
-44.3978939098164
-44.3978939098164
-44.3978939098164
-44.3978939098164
-44.3977347623492
-44.3977347623492
-44.3977347623492
-44.3977347623492
-44.3977347623492
-44.3975516666667
-44.3975516666667
-44.3975516666667
-44.3975516666667
-44.3975516666667
-44.3882670455354
-44.3882670455354
-44.3882670455354
-44.3882670455354
-44.3882670455354
-44.3847201704228
-44.3847201704228
-44.3847201704228
-44.3847201704228
-44.3847201704228
-44.38098
-44.38098
-44.38098
-44.38098
-44.38098
-44.3823370572181
-44.3823370572181
-44.3823370572181
-44.3823370572181
-44.3823370572181
-44.3822555955999
-44.3822555955999
-44.3822555955999
-44.3822555955999
-44.3822555955999
-44.3821666666667
-44.3821666666667
-44.3821666666667
-44.3821666666667
-44.3821666666667
-44.3948283125778
-44.3948283125778
-44.3948283125778
-44.3948283125778
-44.3948283125778
-44.3977735282979
-44.3977735282979
-44.3977735282979
-44.3977735282979
-44.3977735282979
-44.4004317742811
-44.4004317742811
-44.4004317742811
-44.4004317742811
-44.4004317742811
-44.40265
-44.40265
-44.40265
-44.40265
-44.40265
-44.4047296672947
-44.4047296672947
-44.4047296672947
-44.4047296672947
-44.4047296672947
-44.4057504945484
-44.4057504945484
-44.4057504945484
-44.4057504945484
-44.4073966934531
-44.4073966934531
-44.4073966934531
-44.4073966934531
-44.4073966934531
-44.4098983333333
-44.4098983333333
-44.4098983333333
-44.4098983333333
-44.4098983333333
-44.4161530721361
-44.4161530721361
-44.4161530721361
-44.4195979102269
-44.4195979102269
-44.4195979102269
-44.4195979102269
-44.4195979102269
-44.4222076360533
-44.4222076360533
-44.4222076360533
-44.4222076360533
-44.4222076360533
-44.4247083333333
-44.4247083333333
-44.4247083333333
-44.4247083333333
-44.4247083333333
-44.4287584582034
-44.4287584582034
-44.4320047414952
-44.4320047414952
-44.4320047414952
-44.4320047414952
-44.4320047414952
-44.4357810302224
-44.4357810302224
-44.4357810302224
-44.4357810302224
-44.4357810302224
-44.4416773406912
-44.4416773406912
-44.4416773406912
-44.4416773406912
-44.4416773406912
-44.4501016666667
-44.4501016666667
-44.4501016666667
-44.4501016666667
-44.4501016666667
-44.4590013838654
-44.4590013838654
-44.4590013838654
-44.4590013838654
-44.4682736451017
-44.4682736451017
-44.4682736451017
-44.4682736451017
-44.4682736451017
-44.4770822932759
-44.4770822932759
-44.484525
-44.484525
-44.484525
-44.484525
-44.484525
-44.5001036163596
-44.5001036163596
-44.5001036163596
-44.5001036163596
-44.5001036163596
-44.5084349264318
-44.5084349264318
-44.5084349264318
-44.5084349264318
-44.5084349264318
-44.5207568640176
-44.5207568640176
-44.5207568640176
-44.5207568640176
-44.5207568640176
-44.53964
-44.53964
-44.53964
-44.53964
-44.53964
-44.67003
-44.67003
-44.67003
-44.67003
-44.67003
-44.4931633333333
-44.4931633333333
-44.4931633333333
-44.4931633333333
-44.4931633333333
-44.0799
-44.0799
-44.0799
-44.0799
-44.0799
-43.764515
-43.764515
-43.764515
-43.764515
-43.764515
-43.6479816666667
-43.6479816666667
-43.6479816666667
-43.6479816666667
-43.6479816666667
-43.479645
-43.479645
-43.479645
-43.479645
-43.479645
-43.3161616666667
-43.3161616666667
-43.3161616666667
-43.3161616666667
-43.3161616666667
-43.2600016666667
-43.2600016666667
-43.2600016666667
-43.2600016666667
-43.2600016666667
-43.24692
-43.24692
-43.24692
-43.24692
-43.24692
-43.19967
-43.19967
-43.19967
-43.19967
-43.19967
-43.142535
-43.142535
-43.142535
-43.142535
-43.142535
-43.0081916666667
-43.0081916666667
-43.0081916666667
-43.0081916666667
-43.0081916666667
-42.8545066666667
-42.8545066666667
-42.8545066666667
-42.8545066666667
-42.8545066666667
-42.7017733333333
-42.7017733333333
-42.7017733333333
-42.7017733333333
-42.7017733333333
-42.50987
-42.50987
-42.50987
-42.50987
-42.50987
-42.4645783333333
-42.4645783333333
-42.4645783333333
-42.4645783333333
-42.4645783333333
-42.4542383333333
-42.4542383333333
-42.4542383333333
-42.4542383333333
-42.4542383333333
-42.4505016666667
-42.4505016666667
-42.4505016666667
-42.4505016666667
-42.4505016666667
-42.46299
-42.46299
