31.0347133333333
31.0347133333333
31.0347133333333
31.0347133333333
31.0347133333333
30.9627833333333
30.9627833333333
30.9627833333333
30.9627833333333
30.9627833333333
31.0889683333333
31.0889683333333
31.0889683333333
31.0889683333333
31.0889683333333
31.0349083333333
31.0349083333333
31.0349083333333
31.0349083333333
31.0349083333333
31.1298516666667
31.1298516666667
31.1298516666667
31.1298516666667
31.1298516666667
31.14411
31.14411
31.14411
31.14411
31.14411
31.1979516666667
31.1979516666667
31.1979516666667
31.1979516666667
31.1979516666667
31.2409583333333
31.2409583333333
31.2409583333333
31.2409583333333
31.285425
31.285425
31.285425
31.285425
31.3295716666667
31.3295716666667
31.3295716666667
31.3295716666667
31.345265
31.345265
31.345265
31.345265
31.345265
31.345995
31.345995
31.345995
31.345995
31.345995
31.3280366666667
31.3280366666667
31.3280366666667
31.3280366666667
31.3280366666667
31.3151516666667
31.3151516666667
31.3151516666667
31.3151516666667
31.3151516666667
31.2875433333333
31.2875433333333
31.2875433333333
31.2875433333333
31.2875433333333
31.2450333333333
31.2450333333333
31.2450333333333
31.2450333333333
31.2450333333333
31.2155983333333
31.2155983333333
31.2155983333333
31.2155983333333
31.2155983333333
31.148005
31.148005
31.148005
31.148005
31.148005
31.0822316666667
31.0822316666667
31.0822316666667
31.0822316666667
31.0822316666667
31.025845
31.025845
31.025845
31.025845
31.025845
30.9358408583202
30.9358408583202
30.9358408583202
30.9358408583202
30.9358408583202
30.9166261276479
30.9166261276479
30.9166261276479
30.9166261276479
30.9166261276479
30.89452
30.89452
30.89452
30.89452
30.89452
30.8615324282465
30.8615324282465
30.8615324282465
30.8615324282465
30.8615324282465
30.8528746277349
30.8528746277349
30.8528746277349
30.8528746277349
30.8528746277349
30.843745
30.843745
30.843745
30.843745
30.843745
30.7614282946389
30.7614282946389
30.7614282946389
30.7614282946389
30.7614282946389
30.7363988310641
30.7363988310641
30.7363988310641
30.7363988310641
30.7363988310641
30.709075
30.709075
30.709075
30.709075
30.709075
30.6562501268328
30.6562501268328
30.6562501268328
30.6562501268328
30.6562501268328
30.6347794946222
30.6347794946222
30.6347794946222
30.6347794946222
30.6347794946222
30.61540087273
30.61540087273
30.61540087273
30.61540087273
30.61540087273
30.59923
30.59923
30.59923
30.59923
30.59923
30.5810944786956
30.5810944786956
30.5810944786956
30.5810944786956
30.5810944786956
30.5721924613131
30.5721924613131
30.5721924613131
30.5721924613131
30.5578369558041
30.5578369558041
30.5578369558041
30.5578369558041
30.5578369558041
30.5360216666667
30.5360216666667
30.5360216666667
30.5360216666667
30.5360216666667
30.5273348772038
30.5273348772038
30.5273348772038
30.5240257550106
30.5240257550106
30.5240257550106
30.5240257550106
30.5240257550106
30.5215188442581
30.5215188442581
30.5215188442581
30.5215188442581
30.5215188442581
30.5191166666667
30.5191166666667
30.5191166666667
30.5191166666667
30.5191166666667
30.5126698546197
30.5126698546197
30.5075025625225
30.5075025625225
30.5075025625225
30.5075025625225
30.5075025625225
30.5014916308992
30.5014916308992
30.5014916308992
30.5014916308992
30.5014916308992
30.4921061411716
30.4921061411716
30.4921061411716
30.4921061411716
30.4921061411716
30.4786966666667
30.4786966666667
30.4786966666667
30.4786966666667
30.4786966666667
30.4692820974778
30.4692820974778
30.4692820974778
30.4692820974778
30.451718484412
30.451718484412
30.451718484412
30.451718484412
30.451718484412
30.4350330519997
30.4350330519997
30.420935
30.420935
30.420935
30.420935
30.420935
30.4116911882667
30.4116911882667
30.4116911882667
30.4116911882667
30.4116911882667
30.4067476772372
30.4067476772372
30.4067476772372
30.4067476772372
30.4067476772372
30.3994362659665
30.3994362659665
30.3994362659665
30.3994362659665
30.3994362659665
30.3882316666667
30.3882316666667
30.3882316666667
30.3882316666667
30.3882316666667
30.638215
30.638215
30.638215
30.638215
30.638215
31.2954983333333
31.2954983333333
31.2954983333333
31.2954983333333
31.2954983333333
31.6961783333333
31.6961783333333
31.6961783333333
31.6961783333333
31.6961783333333
31.8387933333333
31.8387933333333
31.8387933333333
31.8387933333333
31.8387933333333
32.02035
32.02035
32.02035
32.02035
32.02035
32.3167916666667
32.3167916666667
32.3167916666667
32.3167916666667
32.3167916666667
32.6090633333333
32.6090633333333
32.6090633333333
32.6090633333333
32.6090633333333
32.767255
32.767255
32.767255
32.767255
32.767255
32.8685683333333
32.8685683333333
32.8685683333333
32.8685683333333
32.8685683333333
32.96693
32.96693
32.96693
32.96693
32.96693
33.1237533333333
33.1237533333333
33.1237533333333
33.1237533333333
33.1237533333333
33.2812583333333
33.2812583333333
33.2812583333333
33.2812583333333
33.2812583333333
33.3954533333333
33.3954533333333
33.3954533333333
33.3954533333333
33.3954533333333
33.5011316666667
33.5011316666667
33.5011316666667
33.5011316666667
33.5011316666667
33.5177633333333
33.5177633333333
33.5177633333333
33.5177633333333
33.5177633333333
33.4973533333333
33.4973533333333
33.4973533333333
33.4973533333333
33.4973533333333
33.4552566666667
33.4552566666667
33.4552566666667
33.4552566666667
33.4552566666667
33.4507816666667
33.4507816666667
33.4507816666667
33.4507816666667
33.4507816666667
33.4916533333333
33.4916533333333
