-43.9697716666667
-43.9697716666667
-43.8643066666667
-43.8643066666667
-43.8643066666667
-43.8643066666667
-43.8643066666667
-43.9685133333333
-43.9685133333333
-43.9685133333333
-43.9685133333333
-43.9685133333333
-43.9685133333333
-43.72924
-43.72924
-43.72924
-43.72924
-43.72924
-43.855965
-43.855965
-43.855965
-43.855965
-43.855965
-43.6066
-43.6066
-43.6066
-43.6066
-43.6066
-43.52629
-43.52629
-43.52629
-43.52629
-43.52629
-43.4253966666667
-43.4253966666667
-43.4253966666667
-43.4253966666667
-43.4253966666667
-43.3478216666667
-43.3478216666667
-43.3478216666667
-43.3478216666667
-43.276005
-43.276005
-43.276005
-43.276005
-43.276005
-43.2105466666667
-43.2105466666667
-43.2105466666667
-43.2105466666667
-43.2105466666667
-43.1546516666667
-43.1546516666667
-43.1546516666667
-43.1546516666667
-43.1546516666667
-43.113695
-43.113695
-43.113695
-43.113695
-43.113695
-42.9305366666667
-42.9305366666667
-42.9305366666667
-42.9305366666667
-42.9305366666667
-42.6349366666667
-42.6349366666667
-42.6349366666667
-42.6349366666667
-42.6349366666667
-42.3944533333333
-42.3944533333333
-42.3944533333333
-42.3944533333333
-42.3944533333333
-42.1858933333333
-42.1858933333333
-42.1858933333333
-42.1858933333333
-42.1858933333333
-42.0645333333333
-42.0645333333333
-42.0645333333333
-42.0645333333333
-42.0653333333333
-42.0653333333333
-42.0653333333333
-42.0653333333333
-42.0653333333333
-42.1507233333333
-42.1507233333333
-42.1507233333333
-42.1507233333333
-42.1507233333333
-42.25319
-42.3584916666667
-42.3584916666667
-42.3584916666667
-42.3584916666667
-42.3584916666667
-42.47748
-42.47748
-42.47748
-42.47748
-42.47748
-42.5707666666667
-42.5707666666667
-42.5707666666667
-42.5707666666667
-42.5707666666667
-42.5408183333333
-42.5408183333333
-42.5408183333333
-42.5408183333333
-42.5408183333333
-42.473625
-42.473625
-42.473625
-42.473625
-42.473625
-42.5048916666667
-42.5048916666667
-42.5048916666667
-42.5048916666667
-42.5048916666667
-42.6384816666667
-42.6384816666667
-42.6384816666667
-42.6384816666667
-42.6384816666667
-42.9358733333333
-42.9358733333333
-42.9358733333333
-42.9358733333333
-42.9358733333333
-43.17769
-43.17769
-43.17769
-43.17769
-43.17769
-43.3311583333333
-43.3311583333333
-43.3311583333333
-43.3311583333333
-43.3311583333333
-43.516375
-43.516375
-43.516375
-43.516375
-43.516375
-43.5037016666667
-43.5037016666667
-43.5037016666667
-43.5037016666667
-43.5037016666667
-43.17131
-43.17131
-43.17131
-43.17131
-43.17131
-43.2298416666667
-43.2298416666667
-43.2298416666667
-43.2298416666667
-43.2298416666667
-43.20771
-43.20771
-43.20771
-43.20771
-43.20771
-42.9885066666667
-42.9885066666667
-42.9885066666667
-42.9885066666667
-42.9885066666667
-42.767295
-42.767295
-42.767295
-42.767295
-42.767295
-42.5772916666667
-42.5772916666667
-42.5772916666667
-42.5772916666667
-42.5772916666667
-42.4058083333333
-42.4058083333333
-42.4058083333333
-42.4058083333333
-42.4058083333333
-42.2482083333333
-42.2482083333333
-42.2482083333333
-42.2482083333333
-42.0407283333333
-42.0407283333333
-42.0407283333333
-42.0407283333333
-42.0407283333333
-41.946945
-41.67994
-41.67994
-41.67994
-41.67994
-41.67994
-41.266915
-41.266915
-41.266915
-41.266915
-41.266915
-40.7288133333333
-40.7288133333333
-40.7288133333333
-40.7288133333333
-40.6724466666667
-40.6724466666667
-40.6724466666667
-40.6724466666667
-40.6724466666667
-40.8595983333333
-40.8595983333333
-40.8595983333333
-40.8595983333333
-40.8595983333333
-41.104715
-41.104715
-41.104715
-41.104715
-41.104715
-41.2737333333333
-41.2737333333333
-41.2737333333333
-41.2737333333333
-41.2737333333333
-41.3896116666667
-41.3896116666667
-41.3896116666667
-41.3896116666667
-41.3896116666667
-41.51274
-41.51274
-41.51274
-41.51274
-41.51274
-41.6012866666667
-41.6012866666667
-41.6012866666667
-41.6012866666667
-41.6012866666667
-41.61041
-41.61041
-41.61041
-41.61041
-41.61041
-41.6572466666667
-41.6572466666667
-41.6572466666667
-41.6572466666667
-41.7090483333333
-41.7090483333333
-41.7090483333333
-41.7090483333333
-41.7090483333333
-41.7720816666667
-41.7720816666667
-41.7720816666667
-41.7720816666667
-41.7720816666667
-41.8293233333333
-41.8293233333333
-41.8293233333333
-41.8293233333333
-41.8293233333333
-41.87283
-41.87283
-41.87283
-41.87283
-41.87283
-41.9170866666667
-41.9170866666667
-41.9170866666667
-41.9170866666667
-41.9170866666667
-41.9572766666667
-41.9572766666667
-41.9572766666667
-41.9572766666667
-41.9572766666667
-42.0104283333333
-42.0104283333333
-42.0104283333333
-42.0104283333333
-42.0104283333333
-42.0451533333333
-42.0451533333333
-42.0451533333333
-42.0451533333333
-42.0451533333333
-42.0636883333333
-42.0636883333333
-42.0636883333333
-42.0636883333333
