7.48911833333333
7.48911833333333
7.49962333333333
7.49962333333333
7.49962333333333
7.49962333333333
7.49962333333333
7.488205
7.488205
7.488205
7.488205
7.488205
7.488205
7.52698666666667
7.52698666666667
7.52698666666667
7.52698666666667
7.52698666666667
7.50937
7.50937
7.50937
7.50937
7.50937
7.50842833333333
7.50842833333333
7.50842833333333
7.50842833333333
7.50842833333333
7.50511
7.50511
7.50511
7.50511
7.50511
7.50237
7.50237
7.50237
7.50237
7.50237
7.464315
7.464315
7.464315
7.464315
7.43439833333333
7.43439833333333
7.43439833333333
7.43439833333333
7.43439833333333
7.35658
7.35658
7.35658
7.35658
7.35658
7.25508333333333
7.25508333333333
7.25508333333333
7.25508333333333
7.25508333333333
7.16613
7.16613
7.16613
7.16613
7.16613
6.75091666666667
6.75091666666667
6.75091666666667
6.75091666666667
6.75091666666667
6.43749
6.43749
6.43749
6.43749
6.43749
6.351045
6.351045
6.351045
6.351045
6.351045
6.423585
6.423585
6.423585
6.423585
6.423585
6.64476333333333
6.64476333333333
6.64476333333333
6.64476333333333
6.926845
6.926845
6.926845
6.926845
6.926845
7.092485
7.092485
7.092485
7.092485
7.092485
6.95506833333333
6.62921666666667
6.62921666666667
6.62921666666667
6.62921666666667
6.62921666666667
6.18343333333333
6.18343333333333
6.18343333333333
6.18343333333333
6.18343333333333
5.79207833333333
5.79207833333333
5.79207833333333
5.79207833333333
5.79207833333333
5.502295
5.502295
5.502295
5.502295
5.502295
5.17971666666667
5.17971666666667
5.17971666666667
5.17971666666667
5.17971666666667
4.762215
4.762215
4.762215
4.762215
4.762215
4.21166666666667
4.21166666666667
4.21166666666667
4.21166666666667
4.21166666666667
3.68223
3.68223
3.68223
3.68223
3.68223
3.64552166666667
3.64552166666667
3.64552166666667
3.64552166666667
3.64552166666667
3.90738
3.90738
3.90738
3.90738
3.90738
4.43024666666667
4.43024666666667
4.43024666666667
4.43024666666667
4.43024666666667
4.93358333333333
4.93358333333333
4.93358333333333
4.93358333333333
4.93358333333333
5.913625
5.913625
5.913625
5.913625
5.913625
6.93166666666667
6.93166666666667
6.93166666666667
6.93166666666667
6.93166666666667
7.54695666666667
7.54695666666667
7.54695666666667
7.54695666666667
7.54695666666667
7.947155
7.947155
7.947155
7.947155
7.947155
7.94687666666667
7.94687666666667
7.94687666666667
7.94687666666667
7.94687666666667
7.73016333333333
7.73016333333333
7.73016333333333
7.73016333333333
7.73016333333333
7.86207833333333
7.86207833333333
7.86207833333333
7.86207833333333
7.86207833333333
7.76996666666667
7.76996666666667
7.76996666666667
7.76996666666667
7.21159
7.21159
7.21159
7.21159
7.21159
7.34032833333333
7.03982333333333
7.03982333333333
7.03982333333333
7.03982333333333
7.03982333333333
6.56535833333333
6.56535833333333
6.56535833333333
6.56535833333333
6.56535833333333
6.20298666666667
6.20298666666667
6.20298666666667
6.20298666666667
6.87893833333333
6.87893833333333
6.87893833333333
6.87893833333333
6.87893833333333
7.32818166666667
7.32818166666667
7.32818166666667
7.32818166666667
7.32818166666667
7.34859333333333
7.34859333333333
7.34859333333333
7.34859333333333
7.34859333333333
7.21950333333333
7.21950333333333
7.21950333333333
7.21950333333333
7.21950333333333
6.9323
6.9323
6.9323
6.9323
6.9323
6.61844
6.61844
6.61844
6.61844
6.61844
6.27589833333333
6.27589833333333
6.27589833333333
6.27589833333333
6.27589833333333
5.94867833333333
5.94867833333333
5.94867833333333
5.94867833333333
5.94867833333333
5.60404166666667
5.60404166666667
5.60404166666667
5.60404166666667
5.43013333333333
5.43013333333333
5.43013333333333
5.43013333333333
5.43013333333333
5.25496833333333
5.25496833333333
5.25496833333333
5.25496833333333
5.25496833333333
5.14401166666667
5.14401166666667
5.14401166666667
5.14401166666667
5.14401166666667
5.04096166666667
5.04096166666667
5.04096166666667
5.04096166666667
5.04096166666667
4.93335
4.93335
4.93335
4.93335
4.93335
4.81289
4.81289
4.81289
4.81289
4.81289
4.680505
4.680505
4.680505
4.680505
4.680505
4.52457833333333
4.52457833333333
4.52457833333333
4.52457833333333
4.52457833333333
4.33688333333333
4.33688333333333
4.33688333333333
4.33688333333333
